36
7 7 9 9 1 1 11 11 3 3 5 5 0 0 -1 -1 -1 -1 -1 -1 -1 -1 -1 -1 12 12 10 10 6 6 4 4 2 2 8 8 

4
cI cII cro N 
1 6
bcII_1{cII} bOR1{cI,cro} bOR2{cI,cro} bOR3{cI,cro} bOL1{cI,cro} bOL2{cI,cro} bOL3{cI,cro} 
1 0 2 0 2 0 2 0 2 0 2 0 2 

7 4 4 4 

5 6 1 2 3 4 0 
1 2 3 4 
1 2 3 4 
7 8 9 10 

0 1 1 1 1 1 1 1 1 1 1 1 1 1 1 1 1 1 1 1 1 1 1 1 1 1 1 1 1 1 1 1 0 0 0 0 0 0 0 0 0 0 0 0 0 0 0 0 0 0 0 0 0 0 0 0 0 0 0 0 0 0 0 0 0 0 0 0 0 0 0 0 0 0 0 0 0 0 0 0 0 0 0 0 0 0 0 0 0 0 0 0 0 0 0 0 0 0 0 0 0 0 0 0 0 0 0 0 0 0 0 0 0 0 0 0 0 0 0 0 0 0 0 0 0 0 0 0 
1 0 0 0 0 0 0 0 0 0 0 0 0 0 0 0 
1 0 0 0 0 0 0 0 0 0 0 0 0 0 0 0 
1 0 0 0 0 0 0 0 0 0 0 0 0 0 0 0 


43 184 8192
11
2598 2 0 2725 2 0 2729 2 0 2730 2 1 4165 4 1 4197 4 0 4201 4 0 6693 2 0 6694 2 0 6697 2 0 6698 2 0 
2598 2726 
2597 2725 
2601 2729 
2602 2730 
69 325 4165 4421 
101 357 4197 4453 
105 361 4201 4457 
6693 6821 
6694 6822 
6697 6825 
6698 6826 

0
0 0
0 1 1 1 
0 0 0 0 0 0 0 0 0 0 0 0 0 
2
4096 1 1 2 

1
1 0
0 1 1 1 
0 0 0 0 0 0 0 0 0 0 0 0 1 
2
4097 1 5 2 

5
5 0
0 1 1 0 
0 0 0 0 0 0 0 0 0 0 1 0 1 
2
4101 1 69 2 

32
32 32
0 1 1 0 
0 0 0 0 0 0 0 1 0 0 0 0 0 
3
0 0 4128 1 33 2 

33
33 32
0 1 1 0 
0 0 0 0 0 0 0 1 0 0 0 0 1 
3
1 0 4129 1 37 2 

37
37 32
0 1 1 0 
0 0 0 0 0 0 0 1 0 0 1 0 1 
3
5 0 4133 1 101 2 

40
40 40
0 1 1 0 
0 0 0 0 0 0 0 1 0 1 0 0 0 
3
32 0 4136 1 41 2 

41
41 40
0 1 1 0 
0 0 0 0 0 0 0 1 0 1 0 0 1 
3
33 0 4137 1 105 2 

69
4165 0
0 1 1 0 
0 0 0 0 0 0 1 0 0 0 1 0 1 
2
4165 1 325 2 

101
4197 0
0 1 1 0 
0 0 0 0 0 0 1 1 0 0 1 0 1 
3
69 0 4197 1 357 2 

105
4201 0
0 1 1 0 
0 0 0 0 0 0 1 1 0 1 0 0 1 
3
101 0 4201 1 361 2 

325
4165 0
0 0 0 0 
0 0 0 0 1 0 1 0 0 0 1 0 1 
1
69 2 

357
4197 0
0 0 0 0 
0 0 0 0 1 0 1 1 0 0 1 0 1 
2
325 0 101 2 

361
4201 0
0 0 0 0 
0 0 0 0 1 0 1 1 0 1 0 0 1 
2
357 0 105 2 

1349
1349 1349
0 0 0 0 
0 0 1 0 1 0 1 0 0 0 1 0 1 
1
325 2 

1365
1365 1365
0 0 0 0 
0 0 1 0 1 0 1 0 1 0 1 0 1 
1
1349 2 

1366
1366 1366
0 0 0 0 
0 0 1 0 1 0 1 0 1 0 1 1 0 
2
1365 0 1382 2 

1369
1369 1369
0 0 0 0 
0 0 1 0 1 0 1 0 1 1 0 0 1 
2
1365 0 1385 2 

1370
1370 1370
0 0 0 0 
0 0 1 0 1 0 1 0 1 1 0 1 0 
2
1369 0 1386 2 

1381
1381 1366
0 0 0 0 
0 0 1 0 1 0 1 1 0 0 1 0 1 
2
1349 0 357 2 

1382
1382 1366
0 0 0 0 
0 0 1 0 1 0 1 1 0 0 1 1 0 
2
1381 0 2406 2 

1385
1385 1369
0 0 0 0 
0 0 1 0 1 0 1 1 0 1 0 0 1 
2
1381 0 361 2 

1386
1386 1370
0 0 0 0 
0 0 1 0 1 0 1 1 0 1 0 1 0 
2
1385 0 2410 2 

1429
1429 1429
0 0 0 0 
0 0 1 0 1 1 0 0 1 0 1 0 1 
2
1365 0 1445 2 

1430
1430 1430
0 0 0 0 
0 0 1 0 1 1 0 0 1 0 1 1 0 
2
1366 0 1446 2 

1433
1433 1433
0 0 0 0 
0 0 1 0 1 1 0 0 1 1 0 0 1 
2
1369 0 1449 2 

1434
1434 1434
0 0 0 0 
0 0 1 0 1 1 0 0 1 1 0 1 0 
2
1370 0 1450 2 

1445
1445 1429
0 0 0 0 
0 0 1 0 1 1 0 1 0 0 1 0 1 
2
1381 0 2469 2 

1446
1446 1430
0 0 0 0 
0 0 1 0 1 1 0 1 0 0 1 1 0 
2
1382 0 2470 2 

1449
1449 1433
0 0 0 0 
0 0 1 0 1 1 0 1 0 1 0 0 1 
2
1385 0 2473 2 

1450
1450 1434
0 0 0 0 
0 0 1 0 1 1 0 1 0 1 0 1 0 
2
1386 0 2474 2 

1621
1621 1621
0 0 0 0 
0 0 1 1 0 0 1 0 1 0 1 0 1 
2
1365 0 1637 2 

1622
1622 1622
0 0 0 0 
0 0 1 1 0 0 1 0 1 0 1 1 0 
2
1366 0 1638 2 

1625
1625 1625
0 0 0 0 
0 0 1 1 0 0 1 0 1 1 0 0 1 
2
1369 0 1641 2 

1626
1626 1626
0 0 0 0 
0 0 1 1 0 0 1 0 1 1 0 1 0 
2
1370 0 1642 2 

1637
1637 1621
0 0 0 0 
0 0 1 1 0 0 1 1 0 0 1 0 1 
2
1381 0 2661 2 

1638
1638 1622
0 0 0 0 
0 0 1 1 0 0 1 1 0 0 1 1 0 
2
1382 0 2662 2 

1641
1641 1625
0 0 0 0 
0 0 1 1 0 0 1 1 0 1 0 0 1 
2
1385 0 2665 2 

1642
1642 1626
0 0 0 0 
0 0 1 1 0 0 1 1 0 1 0 1 0 
2
1386 0 2666 2 

1685
1685 1685
0 0 0 0 
0 0 1 1 0 1 0 0 1 0 1 0 1 
2
1621 0 1701 2 

1686
1686 1686
0 0 0 0 
0 0 1 1 0 1 0 0 1 0 1 1 0 
2
1622 0 1702 2 

1689
1689 1689
0 0 0 0 
0 0 1 1 0 1 0 0 1 1 0 0 1 
2
1625 0 1705 2 

1690
1690 1690
0 0 0 0 
0 0 1 1 0 1 0 0 1 1 0 1 0 
2
1626 0 1706 2 

1701
1701 1685
0 0 0 0 
0 0 1 1 0 1 0 1 0 0 1 0 1 
2
1637 0 2725 2 

1702
1702 1686
0 0 0 0 
0 0 1 1 0 1 0 1 0 0 1 1 0 
2
1638 0 2726 2 

1705
1705 1689
0 0 0 0 
0 0 1 1 0 1 0 1 0 1 0 0 1 
2
1641 0 2729 2 

1706
1706 1690
0 0 0 0 
0 0 1 1 0 1 0 1 0 1 0 1 0 
2
1642 0 2730 2 

2085
2085 0
1 0 0 0 
0 1 0 0 0 0 0 1 0 0 1 0 1 
2
2597 0 2089 2 

2086
2086 1366
1 0 0 0 
0 1 0 0 0 0 0 1 0 0 1 1 0 
2
2598 0 2090 2 

2088
2088 0
1 0 0 0 
0 1 0 0 0 0 0 1 0 1 0 0 0 
1
2090 0 

2089
2089 0
1 0 0 0 
0 1 0 0 0 0 0 1 0 1 0 0 1 
2
2601 0 2088 2 

2090
2090 0
1 0 0 0 
0 1 0 0 0 0 0 1 0 1 0 1 0 
1
2602 0 

2149
2149 1366
0 0 0 0 
0 1 0 0 0 0 1 1 0 0 1 0 1 
2
101 0 2085 2 

2150
2150 1366
0 0 0 0 
0 1 0 0 0 0 1 1 0 0 1 1 0 
2
2149 0 2086 2 

2153
2153 1370
0 0 0 0 
0 1 0 0 0 0 1 1 0 1 0 0 1 
2
105 0 2089 2 

2154
2154 1370
0 0 0 0 
0 1 0 0 0 0 1 1 0 1 0 1 0 
2
2153 0 2090 2 

2389
2389 2389
0 0 0 0 
0 1 0 0 1 0 1 0 1 0 1 0 1 
2
1365 0 2405 2 

2390
2390 2390
0 0 0 0 
0 1 0 0 1 0 1 0 1 0 1 1 0 
2
2389 0 2406 2 

2393
2393 2393
0 0 0 0 
0 1 0 0 1 0 1 0 1 1 0 0 1 
2
1369 0 2409 2 

2394
2394 2394
0 0 0 0 
0 1 0 0 1 0 1 0 1 1 0 1 0 
2
2393 0 2410 2 

2405
2405 1366
0 0 0 0 
0 1 0 0 1 0 1 1 0 0 1 0 1 
2
357 0 2149 2 

2406
2406 1366
0 0 0 0 
0 1 0 0 1 0 1 1 0 0 1 1 0 
2
2405 0 2150 2 

2409
2409 1370
0 0 0 0 
0 1 0 0 1 0 1 1 0 1 0 0 1 
2
361 0 2153 2 

2410
2410 1370
0 0 0 0 
0 1 0 0 1 0 1 1 0 1 0 1 0 
2
2409 0 2154 2 

2453
2453 2453
0 0 0 0 
0 1 0 0 1 1 0 0 1 0 1 0 1 
2
2389 0 2469 2 

2454
2454 2454
0 0 0 0 
0 1 0 0 1 1 0 0 1 0 1 1 0 
2
2390 0 2470 2 

2457
2457 2457
0 0 0 0 
0 1 0 0 1 1 0 0 1 1 0 0 1 
2
2393 0 2473 2 

2458
2458 2458
0 0 0 0 
0 1 0 0 1 1 0 0 1 1 0 1 0 
2
2394 0 2474 2 

2469
2469 1429
0 0 0 0 
0 1 0 0 1 1 0 1 0 0 1 0 1 
2
2405 0 2725 2 

2470
2470 1430
0 0 0 0 
0 1 0 0 1 1 0 1 0 0 1 1 0 
2
2406 0 2726 2 

2473
2473 1433
0 0 0 0 
0 1 0 0 1 1 0 1 0 1 0 0 1 
2
2409 0 2729 2 

2474
2474 1434
0 0 0 0 
0 1 0 0 1 1 0 1 0 1 0 1 0 
2
2410 0 2730 2 

2597
2725 0
1 0 0 0 
0 1 0 1 0 0 0 1 0 0 1 0 1 
2
2725 0 2601 2 

2598
2598 1366
1 0 0 0 
0 1 0 1 0 0 0 1 0 0 1 1 0 
2
2726 0 2602 2 

2601
2729 0
1 0 0 0 
0 1 0 1 0 0 0 1 0 1 0 0 1 
2
2729 0 2602 2 

2602
2730 0
1 0 0 0 
0 1 0 1 0 0 0 1 0 1 0 1 0 
1
2730 0 

2645
2645 2645
0 0 0 0 
0 1 0 1 0 0 1 0 1 0 1 0 1 
2
2389 0 2661 2 

2646
2646 2646
0 0 0 0 
0 1 0 1 0 0 1 0 1 0 1 1 0 
2
2390 0 2662 2 

2649
2649 2649
0 0 0 0 
0 1 0 1 0 0 1 0 1 1 0 0 1 
2
2393 0 2665 2 

2650
2650 2650
0 0 0 0 
0 1 0 1 0 0 1 0 1 1 0 1 0 
2
2394 0 2666 2 

2661
2661 1621
0 0 0 0 
0 1 0 1 0 0 1 1 0 0 1 0 1 
2
2149 0 2597 2 

2662
2662 1622
0 0 0 0 
0 1 0 1 0 0 1 1 0 0 1 1 0 
2
2150 0 2598 2 

2665
2665 1625
0 0 0 0 
0 1 0 1 0 0 1 1 0 1 0 0 1 
2
2153 0 2601 2 

2666
2666 1626
0 0 0 0 
0 1 0 1 0 0 1 1 0 1 0 1 0 
2
2154 0 2602 2 

2709
2709 2709
0 0 0 0 
0 1 0 1 0 1 0 0 1 0 1 0 1 
2
2645 0 2725 2 

2710
2710 2710
0 0 0 0 
0 1 0 1 0 1 0 0 1 0 1 1 0 
2
2646 0 2726 2 

2713
2713 2713
0 0 0 0 
0 1 0 1 0 1 0 0 1 1 0 0 1 
2
2649 0 2729 2 

2714
2714 2714
0 0 0 0 
0 1 0 1 0 1 0 0 1 1 0 1 0 
2
2650 0 2730 2 

2725
2725 0
0 0 0 0 
0 1 0 1 0 1 0 1 0 0 1 0 1 
2
2597 0 2729 2 

2726
2598 1366
0 0 0 0 
0 1 0 1 0 1 0 1 0 0 1 1 0 
2
2598 0 2730 2 

2729
2729 0
0 0 0 0 
0 1 0 1 0 1 0 1 0 1 0 0 1 
2
2601 0 2730 2 

2730
2730 0
0 0 0 0 
0 1 0 1 0 1 0 1 0 1 0 1 0 
1
2602 0 

4096
4096 0
1 1 1 1 
1 0 0 0 0 0 0 0 0 0 0 0 0 
2
4128 0 4097 2 

4097
4097 0
1 1 1 1 
1 0 0 0 0 0 0 0 0 0 0 0 1 
2
4129 0 4101 2 

4101
4101 0
1 1 1 0 
1 0 0 0 0 0 0 0 0 0 1 0 1 
2
4133 0 4165 2 

4128
4128 0
1 1 1 0 
1 0 0 0 0 0 0 1 0 0 0 0 0 
2
4136 0 4129 2 

4129
4129 0
1 1 1 0 
1 0 0 0 0 0 0 1 0 0 0 0 1 
2
4137 0 4133 2 

4133
4133 0
1 1 1 0 
1 0 0 0 0 0 0 1 0 0 1 0 1 
2
6181 0 4197 2 

4136
4136 0
1 1 1 0 
1 0 0 0 0 0 0 1 0 1 0 0 0 
2
6184 0 4137 2 

4137
4137 0
1 1 1 0 
1 0 0 0 0 0 0 1 0 1 0 0 1 
2
6185 0 4201 2 

4165
4165 0
0 1 1 0 
1 0 0 0 0 0 1 0 0 0 1 0 1 
1
4421 2 

4197
4197 0
0 1 1 0 
1 0 0 0 0 0 1 1 0 0 1 0 1 
2
4165 0 4453 2 

4201
4201 0
0 1 1 0 
1 0 0 0 0 0 1 1 0 1 0 0 1 
2
4197 0 4457 2 

4421
4165 0
0 0 0 0 
1 0 0 0 1 0 1 0 0 0 1 0 1 
2
325 1 4165 2 

4453
4197 0
0 0 0 0 
1 0 0 0 1 0 1 1 0 0 1 0 1 
3
4421 0 357 1 4197 2 

4457
4201 0
0 0 0 0 
1 0 0 0 1 0 1 1 0 1 0 0 1 
3
4453 0 361 1 4201 2 

5445
5445 5445
0 0 0 0 
1 0 1 0 1 0 1 0 0 0 1 0 1 
2
1349 1 4421 2 

5461
5461 5461
0 0 0 0 
1 0 1 0 1 0 1 0 1 0 1 0 1 
2
1365 1 5445 2 

5462
5462 5462
0 0 0 0 
1 0 1 0 1 0 1 0 1 0 1 1 0 
3
5461 0 1366 1 5478 2 

5465
5465 5465
0 0 0 0 
1 0 1 0 1 0 1 0 1 1 0 0 1 
3
5461 0 1369 1 5481 2 

5466
5466 5466
0 0 0 0 
1 0 1 0 1 0 1 0 1 1 0 1 0 
3
5465 0 1370 1 5482 2 

5477
5477 5462
0 0 0 0 
1 0 1 0 1 0 1 1 0 0 1 0 1 
3
5445 0 1381 1 4453 2 

5478
5478 5462
0 0 0 0 
1 0 1 0 1 0 1 1 0 0 1 1 0 
3
5477 0 1382 1 6502 2 

5481
5481 5465
0 0 0 0 
1 0 1 0 1 0 1 1 0 1 0 0 1 
3
5477 0 1385 1 4457 2 

5482
5482 5466
0 0 0 0 
1 0 1 0 1 0 1 1 0 1 0 1 0 
3
5481 0 1386 1 6506 2 

5525
5525 5525
0 0 0 0 
1 0 1 0 1 1 0 0 1 0 1 0 1 
3
5461 0 1429 1 5541 2 

5526
5526 5526
0 0 0 0 
1 0 1 0 1 1 0 0 1 0 1 1 0 
3
5462 0 1430 1 5542 2 

5529
5529 5529
0 0 0 0 
1 0 1 0 1 1 0 0 1 1 0 0 1 
3
5465 0 1433 1 5545 2 

5530
5530 5530
0 0 0 0 
1 0 1 0 1 1 0 0 1 1 0 1 0 
3
5466 0 1434 1 5546 2 

5541
5541 5525
0 0 0 0 
1 0 1 0 1 1 0 1 0 0 1 0 1 
3
5477 0 1445 1 6565 2 

5542
5542 5526
0 0 0 0 
1 0 1 0 1 1 0 1 0 0 1 1 0 
3
5478 0 1446 1 6566 2 

5545
5545 5529
0 0 0 0 
1 0 1 0 1 1 0 1 0 1 0 0 1 
3
5481 0 1449 1 6569 2 

5546
5546 5530
0 0 0 0 
1 0 1 0 1 1 0 1 0 1 0 1 0 
3
5482 0 1450 1 6570 2 

5717
5717 5717
0 0 0 0 
1 0 1 1 0 0 1 0 1 0 1 0 1 
3
5461 0 1621 1 5733 2 

5718
5718 5718
0 0 0 0 
1 0 1 1 0 0 1 0 1 0 1 1 0 
3
5462 0 1622 1 5734 2 

5721
5721 5721
0 0 0 0 
1 0 1 1 0 0 1 0 1 1 0 0 1 
3
5465 0 1625 1 5737 2 

5722
5722 5722
0 0 0 0 
1 0 1 1 0 0 1 0 1 1 0 1 0 
3
5466 0 1626 1 5738 2 

5733
5733 5717
0 0 0 0 
1 0 1 1 0 0 1 1 0 0 1 0 1 
3
5477 0 1637 1 6757 2 

5734
5734 5718
0 0 0 0 
1 0 1 1 0 0 1 1 0 0 1 1 0 
3
5478 0 1638 1 6758 2 

5737
5737 5721
0 0 0 0 
1 0 1 1 0 0 1 1 0 1 0 0 1 
3
5481 0 1641 1 6761 2 

5738
5738 5722
0 0 0 0 
1 0 1 1 0 0 1 1 0 1 0 1 0 
3
5482 0 1642 1 6762 2 

5781
5781 5781
0 0 0 0 
1 0 1 1 0 1 0 0 1 0 1 0 1 
3
5717 0 1685 1 5797 2 

5782
5782 5782
0 0 0 0 
1 0 1 1 0 1 0 0 1 0 1 1 0 
3
5718 0 1686 1 5798 2 

5785
5785 5785
0 0 0 0 
1 0 1 1 0 1 0 0 1 1 0 0 1 
3
5721 0 1689 1 5801 2 

5786
5786 5786
0 0 0 0 
1 0 1 1 0 1 0 0 1 1 0 1 0 
3
5722 0 1690 1 5802 2 

5797
5797 5781
0 0 0 0 
1 0 1 1 0 1 0 1 0 0 1 0 1 
3
5733 0 1701 1 6821 2 

5798
5798 5782
0 0 0 0 
1 0 1 1 0 1 0 1 0 0 1 1 0 
3
5734 0 1702 1 6822 2 

5801
5801 5785
0 0 0 0 
1 0 1 1 0 1 0 1 0 1 0 0 1 
3
5737 0 1705 1 6825 2 

5802
5802 5786
0 0 0 0 
1 0 1 1 0 1 0 1 0 1 0 1 0 
3
5738 0 1706 1 6826 2 

6181
6181 0
1 0 0 0 
1 1 0 0 0 0 0 1 0 0 1 0 1 
3
6693 0 2085 1 6185 2 

6182
6182 5462
1 0 0 0 
1 1 0 0 0 0 0 1 0 0 1 1 0 
3
6694 0 2086 1 6186 2 

6184
6184 0
1 0 0 0 
1 1 0 0 0 0 0 1 0 1 0 0 0 
2
6186 0 2088 1 

6185
6185 0
1 0 0 0 
1 1 0 0 0 0 0 1 0 1 0 0 1 
3
6697 0 2089 1 6184 2 

6186
6186 0
1 0 0 0 
1 1 0 0 0 0 0 1 0 1 0 1 0 
2
6698 0 2090 1 

6245
6245 5462
0 0 0 0 
1 1 0 0 0 0 1 1 0 0 1 0 1 
3
4197 0 2149 1 6181 2 

6246
6246 5462
0 0 0 0 
1 1 0 0 0 0 1 1 0 0 1 1 0 
3
6245 0 2150 1 6182 2 

6249
6249 5466
0 0 0 0 
1 1 0 0 0 0 1 1 0 1 0 0 1 
3
4201 0 2153 1 6185 2 

6250
6250 5466
0 0 0 0 
1 1 0 0 0 0 1 1 0 1 0 1 0 
3
6249 0 2154 1 6186 2 

6485
6485 6485
0 0 0 0 
1 1 0 0 1 0 1 0 1 0 1 0 1 
3
5461 0 2389 1 6501 2 

6486
6486 6486
0 0 0 0 
1 1 0 0 1 0 1 0 1 0 1 1 0 
3
6485 0 2390 1 6502 2 

6489
6489 6489
0 0 0 0 
1 1 0 0 1 0 1 0 1 1 0 0 1 
3
5465 0 2393 1 6505 2 

6490
6490 6490
0 0 0 0 
1 1 0 0 1 0 1 0 1 1 0 1 0 
3
6489 0 2394 1 6506 2 

6501
6501 5462
0 0 0 0 
1 1 0 0 1 0 1 1 0 0 1 0 1 
3
4453 0 2405 1 6245 2 

6502
6502 5462
0 0 0 0 
1 1 0 0 1 0 1 1 0 0 1 1 0 
3
6501 0 2406 1 6246 2 

6505
6505 5466
0 0 0 0 
1 1 0 0 1 0 1 1 0 1 0 0 1 
3
4457 0 2409 1 6249 2 

6506
6506 5466
0 0 0 0 
1 1 0 0 1 0 1 1 0 1 0 1 0 
3
6505 0 2410 1 6250 2 

6549
6549 6549
0 0 0 0 
1 1 0 0 1 1 0 0 1 0 1 0 1 
3
6485 0 2453 1 6565 2 

6550
6550 6550
0 0 0 0 
1 1 0 0 1 1 0 0 1 0 1 1 0 
3
6486 0 2454 1 6566 2 

6553
6553 6553
0 0 0 0 
1 1 0 0 1 1 0 0 1 1 0 0 1 
3
6489 0 2457 1 6569 2 

6554
6554 6554
0 0 0 0 
1 1 0 0 1 1 0 0 1 1 0 1 0 
3
6490 0 2458 1 6570 2 

6565
6565 5525
0 0 0 0 
1 1 0 0 1 1 0 1 0 0 1 0 1 
3
6501 0 2469 1 6821 2 

6566
6566 5526
0 0 0 0 
1 1 0 0 1 1 0 1 0 0 1 1 0 
3
6502 0 2470 1 6822 2 

6569
6569 5529
0 0 0 0 
1 1 0 0 1 1 0 1 0 1 0 0 1 
3
6505 0 2473 1 6825 2 

6570
6570 5530
0 0 0 0 
1 1 0 0 1 1 0 1 0 1 0 1 0 
3
6506 0 2474 1 6826 2 

6693
6693 0
1 0 0 0 
1 1 0 1 0 0 0 1 0 0 1 0 1 
3
6821 0 2597 1 6697 2 

6694
6694 5462
1 0 0 0 
1 1 0 1 0 0 0 1 0 0 1 1 0 
3
6822 0 2598 1 6698 2 

6697
6697 0
1 0 0 0 
1 1 0 1 0 0 0 1 0 1 0 0 1 
3
6825 0 2601 1 6698 2 

6698
6698 0
1 0 0 0 
1 1 0 1 0 0 0 1 0 1 0 1 0 
2
6826 0 2602 1 

6741
6741 6741
0 0 0 0 
1 1 0 1 0 0 1 0 1 0 1 0 1 
3
6485 0 2645 1 6757 2 

6742
6742 6742
0 0 0 0 
1 1 0 1 0 0 1 0 1 0 1 1 0 
3
6486 0 2646 1 6758 2 

6745
6745 6745
0 0 0 0 
1 1 0 1 0 0 1 0 1 1 0 0 1 
3
6489 0 2649 1 6761 2 

6746
6746 6746
0 0 0 0 
1 1 0 1 0 0 1 0 1 1 0 1 0 
3
6490 0 2650 1 6762 2 

6757
6757 5717
0 0 0 0 
1 1 0 1 0 0 1 1 0 0 1 0 1 
3
6245 0 2661 1 6693 2 

6758
6758 5718
0 0 0 0 
1 1 0 1 0 0 1 1 0 0 1 1 0 
3
6246 0 2662 1 6694 2 

6761
6761 5721
0 0 0 0 
1 1 0 1 0 0 1 1 0 1 0 0 1 
3
6249 0 2665 1 6697 2 

6762
6762 5722
0 0 0 0 
1 1 0 1 0 0 1 1 0 1 0 1 0 
3
6250 0 2666 1 6698 2 

6805
6805 6805
0 0 0 0 
1 1 0 1 0 1 0 0 1 0 1 0 1 
3
6741 0 2709 1 6821 2 

6806
6806 6806
0 0 0 0 
1 1 0 1 0 1 0 0 1 0 1 1 0 
3
6742 0 2710 1 6822 2 

6809
6809 6809
0 0 0 0 
1 1 0 1 0 1 0 0 1 1 0 0 1 
3
6745 0 2713 1 6825 2 

6810
6810 6810
0 0 0 0 
1 1 0 1 0 1 0 0 1 1 0 1 0 
3
6746 0 2714 1 6826 2 

6821
6693 0
0 0 0 0 
1 1 0 1 0 1 0 1 0 0 1 0 1 
3
6693 0 2725 1 6825 2 

6822
6694 5462
0 0 0 0 
1 1 0 1 0 1 0 1 0 0 1 1 0 
3
6694 0 2726 1 6826 2 

6825
6697 0
0 0 0 0 
1 1 0 1 0 1 0 1 0 1 0 0 1 
3
6697 0 2729 1 6826 2 

6826
6698 0
0 0 0 0 
1 1 0 1 0 1 0 1 0 1 0 1 0 
2
6698 0 2730 1 

