36
1 1 7 7 3 3 9 9 11 11 5 5 0 0 -1 -1 -1 -1 -1 -1 -1 -1 -1 -1 12 12 6 6 10 10 4 4 8 8 2 2 

4
cI cII cro N 
1 6
bcII_1{cII} bOR1{cI,cro} bOR2{cI,cro} bOR3{cI,cro} bOL1{cI,cro} bOL2{cI,cro} bOL3{cI,cro} 
1 0 2 0 2 0 2 0 2 0 2 0 2 

7 4 4 4 

5 6 1 2 3 4 0 
1 2 3 4 
1 2 3 4 
7 8 9 10 

0 1 1 1 1 1 1 1 1 1 1 1 1 1 1 1 1 1 1 1 1 1 1 1 1 1 1 1 1 1 1 1 0 0 0 0 0 0 0 0 0 0 0 0 0 0 0 0 0 0 0 0 0 0 0 0 0 0 0 0 0 0 0 0 0 0 0 0 0 0 0 0 0 0 0 0 0 0 0 0 0 0 0 0 0 0 0 0 0 0 0 0 0 0 0 0 0 0 0 0 0 0 0 0 0 0 0 0 0 0 0 0 0 0 0 0 0 0 0 0 0 0 0 0 0 0 0 0 
1 0 0 0 0 0 0 0 0 0 0 0 0 0 0 0 
1 0 0 0 0 0 0 0 0 0 0 0 0 0 0 0 
1 0 0 0 0 0 0 0 0 0 0 0 0 0 0 0 


32 170 8192
5
2729 2 0 2730 2 1 4165 4 1 6697 2 0 6698 2 0 
2601 2729 
2602 2730 
69 325 4165 4421 
6697 6825 
6698 6826 

0
0 0
0 1 1 1 
0 0 0 0 0 0 0 0 0 0 0 0 0 
2
4096 1 1 2 

1
1 0
0 1 1 1 
0 0 0 0 0 0 0 0 0 0 0 0 1 
2
4097 1 65 2 

65
65 0
0 1 1 1 
0 0 0 0 0 0 1 0 0 0 0 0 1 
2
4161 1 69 2 

69
4165 0
0 1 1 0 
0 0 0 0 0 0 1 0 0 0 1 0 1 
2
4165 1 325 2 

325
4165 0
0 0 0 0 
0 0 0 0 1 0 1 0 0 0 1 0 1 
1
69 2 

341
341 341
0 0 0 0 
0 0 0 0 1 0 1 0 1 0 1 0 1 
1
325 2 

1365
1365 1365
0 0 0 0 
0 0 1 0 1 0 1 0 1 0 1 0 1 
1
341 2 

1366
1366 1366
0 0 0 0 
0 0 1 0 1 0 1 0 1 0 1 1 0 
2
1365 0 2390 2 

1369
1369 1369
0 0 0 0 
0 0 1 0 1 0 1 0 1 1 0 0 1 
2
1365 0 2393 2 

1370
1370 1370
0 0 0 0 
0 0 1 0 1 0 1 0 1 1 0 1 0 
2
1369 0 2394 2 

1381
1381 1381
0 0 0 0 
0 0 1 0 1 0 1 1 0 0 1 0 1 
2
1365 0 2405 2 

1382
1382 1382
0 0 0 0 
0 0 1 0 1 0 1 1 0 0 1 1 0 
2
1381 0 2406 2 

1385
1385 1385
0 0 0 0 
0 0 1 0 1 0 1 1 0 1 0 0 1 
2
1381 0 2409 2 

1386
1386 1386
0 0 0 0 
0 0 1 0 1 0 1 1 0 1 0 1 0 
2
1385 0 2410 2 

1429
1429 1429
0 0 0 0 
0 0 1 0 1 1 0 0 1 0 1 0 1 
2
1365 0 2453 2 

1430
1430 1430
0 0 0 0 
0 0 1 0 1 1 0 0 1 0 1 1 0 
2
1366 0 2454 2 

1433
1433 1433
0 0 0 0 
0 0 1 0 1 1 0 0 1 1 0 0 1 
2
1369 0 2457 2 

1434
1434 1434
0 0 0 0 
0 0 1 0 1 1 0 0 1 1 0 1 0 
2
1370 0 2458 2 

1445
1445 1445
0 0 0 0 
0 0 1 0 1 1 0 1 0 0 1 0 1 
2
1381 0 2469 2 

1446
1446 1446
0 0 0 0 
0 0 1 0 1 1 0 1 0 0 1 1 0 
2
1382 0 2470 2 

1449
1449 1449
0 0 0 0 
0 0 1 0 1 1 0 1 0 1 0 0 1 
2
1385 0 2473 2 

1450
1450 1450
0 0 0 0 
0 0 1 0 1 1 0 1 0 1 0 1 0 
2
1386 0 2474 2 

1621
1621 1621
0 0 0 0 
0 0 1 1 0 0 1 0 1 0 1 0 1 
2
1365 0 2645 2 

1622
1622 1622
0 0 0 0 
0 0 1 1 0 0 1 0 1 0 1 1 0 
2
1621 0 2646 2 

1625
1625 1625
0 0 0 0 
0 0 1 1 0 0 1 0 1 1 0 0 1 
2
1621 0 2649 2 

1626
1626 1626
0 0 0 0 
0 0 1 1 0 0 1 0 1 1 0 1 0 
2
1625 0 2650 2 

1637
1637 1637
0 0 0 0 
0 0 1 1 0 0 1 1 0 0 1 0 1 
2
1381 0 2661 2 

1638
1638 1638
0 0 0 0 
0 0 1 1 0 0 1 1 0 0 1 1 0 
2
1637 0 2662 2 

1641
1641 1641
0 0 0 0 
0 0 1 1 0 0 1 1 0 1 0 0 1 
2
1637 0 2665 2 

1642
1642 1642
0 0 0 0 
0 0 1 1 0 0 1 1 0 1 0 1 0 
2
1641 0 2666 2 

1685
1685 1685
0 0 0 0 
0 0 1 1 0 1 0 0 1 0 1 0 1 
2
1621 0 2709 2 

1686
1686 1686
0 0 0 0 
0 0 1 1 0 1 0 0 1 0 1 1 0 
2
1622 0 2710 2 

1689
1689 1689
0 0 0 0 
0 0 1 1 0 1 0 0 1 1 0 0 1 
2
1625 0 2713 2 

1690
1690 1690
0 0 0 0 
0 0 1 1 0 1 0 0 1 1 0 1 0 
2
1626 0 2714 2 

1701
1701 1701
0 0 0 0 
0 0 1 1 0 1 0 1 0 0 1 0 1 
2
1637 0 2725 2 

1702
1702 1702
0 0 0 0 
0 0 1 1 0 1 0 1 0 0 1 1 0 
2
1638 0 2726 2 

1705
1705 1705
0 0 0 0 
0 0 1 1 0 1 0 1 0 1 0 0 1 
2
1641 0 2729 2 

1706
1706 1706
0 0 0 0 
0 0 1 1 0 1 0 1 0 1 0 1 0 
2
1642 0 2730 2 

2048
2048 0
1 0 0 1 
0 1 0 0 0 0 0 0 0 0 0 0 0 
1
2080 0 

2049
2049 0
1 0 0 1 
0 1 0 0 0 0 0 0 0 0 0 0 1 
2
2081 0 2048 2 

2080
2080 0
1 0 0 0 
0 1 0 0 0 0 0 1 0 0 0 0 0 
1
2592 0 

2081
2081 0
1 0 0 0 
0 1 0 0 0 0 0 1 0 0 0 0 1 
2
2593 0 2080 2 

2113
2113 1366
0 0 0 1 
0 1 0 0 0 0 1 0 0 0 0 0 1 
2
65 0 2049 2 

2117
2117 1366
0 0 0 0 
0 1 0 0 0 0 1 0 0 0 1 0 1 
2
69 0 2113 2 

2145
2145 1366
0 0 0 0 
0 1 0 0 0 0 1 1 0 0 0 0 1 
2
2113 0 2081 2 

2149
2149 1366
0 0 0 0 
0 1 0 0 0 0 1 1 0 0 1 0 1 
2
2117 0 2145 2 

2373
2373 1366
0 0 0 0 
0 1 0 0 1 0 1 0 0 0 1 0 1 
2
325 0 2117 2 

2389
2389 1366
0 0 0 0 
0 1 0 0 1 0 1 0 1 0 1 0 1 
2
341 0 2373 2 

2390
2390 1366
0 0 0 0 
0 1 0 0 1 0 1 0 1 0 1 1 0 
2
2389 0 2406 2 

2393
2393 1369
0 0 0 0 
0 1 0 0 1 0 1 0 1 1 0 0 1 
2
2389 0 2409 2 

2394
2394 1370
0 0 0 0 
0 1 0 0 1 0 1 0 1 1 0 1 0 
2
2393 0 2410 2 

2405
2405 1366
0 0 0 0 
0 1 0 0 1 0 1 1 0 0 1 0 1 
2
2373 0 2149 2 

2406
2406 1366
0 0 0 0 
0 1 0 0 1 0 1 1 0 0 1 1 0 
2
2405 0 2662 2 

2409
2409 1369
0 0 0 0 
0 1 0 0 1 0 1 1 0 1 0 0 1 
2
2405 0 2665 2 

2410
2410 1370
0 0 0 0 
0 1 0 0 1 0 1 1 0 1 0 1 0 
2
2409 0 2666 2 

2453
2453 1429
0 0 0 0 
0 1 0 0 1 1 0 0 1 0 1 0 1 
2
2389 0 2469 2 

2454
2454 1430
0 0 0 0 
0 1 0 0 1 1 0 0 1 0 1 1 0 
2
2390 0 2470 2 

2457
2457 1433
0 0 0 0 
0 1 0 0 1 1 0 0 1 1 0 0 1 
2
2393 0 2473 2 

2458
2458 1434
0 0 0 0 
0 1 0 0 1 1 0 0 1 1 0 1 0 
2
2394 0 2474 2 

2469
2469 1429
0 0 0 0 
0 1 0 0 1 1 0 1 0 0 1 0 1 
2
2405 0 2725 2 

2470
2470 1430
0 0 0 0 
0 1 0 0 1 1 0 1 0 0 1 1 0 
2
2406 0 2726 2 

2473
2473 1433
0 0 0 0 
0 1 0 0 1 1 0 1 0 1 0 0 1 
2
2409 0 2729 2 

2474
2474 1434
0 0 0 0 
0 1 0 0 1 1 0 1 0 1 0 1 0 
2
2410 0 2730 2 

2592
2592 0
1 0 0 0 
0 1 0 1 0 0 0 1 0 0 0 0 0 
1
2600 0 

2593
2593 0
1 0 0 0 
0 1 0 1 0 0 0 1 0 0 0 0 1 
2
2601 0 2592 2 

2600
2600 0
1 0 0 0 
0 1 0 1 0 0 0 1 0 1 0 0 0 
1
2602 0 

2601
2729 0
1 0 0 0 
0 1 0 1 0 0 0 1 0 1 0 0 1 
2
2729 0 2600 2 

2602
2730 0
1 0 0 0 
0 1 0 1 0 0 0 1 0 1 0 1 0 
1
2730 0 

2645
2645 1621
0 0 0 0 
0 1 0 1 0 0 1 0 1 0 1 0 1 
2
2389 0 2661 2 

2646
2646 1622
0 0 0 0 
0 1 0 1 0 0 1 0 1 0 1 1 0 
2
2645 0 2662 2 

2649
2649 1625
0 0 0 0 
0 1 0 1 0 0 1 0 1 1 0 0 1 
2
2645 0 2665 2 

2650
2650 1626
0 0 0 0 
0 1 0 1 0 0 1 0 1 1 0 1 0 
2
2649 0 2666 2 

2657
2657 1366
0 0 0 0 
0 1 0 1 0 0 1 1 0 0 0 0 1 
2
2145 0 2593 2 

2661
2661 1366
0 0 0 0 
0 1 0 1 0 0 1 1 0 0 1 0 1 
2
2149 0 2657 2 

2662
2662 1366
0 0 0 0 
0 1 0 1 0 0 1 1 0 0 1 1 0 
2
2661 0 2666 2 

2665
2665 1366
0 0 0 0 
0 1 0 1 0 0 1 1 0 1 0 0 1 
2
2657 0 2601 2 

2666
2666 1366
0 0 0 0 
0 1 0 1 0 0 1 1 0 1 0 1 0 
2
2665 0 2602 2 

2709
2709 1685
0 0 0 0 
0 1 0 1 0 1 0 0 1 0 1 0 1 
2
2645 0 2725 2 

2710
2710 1686
0 0 0 0 
0 1 0 1 0 1 0 0 1 0 1 1 0 
2
2646 0 2726 2 

2713
2713 1689
0 0 0 0 
0 1 0 1 0 1 0 0 1 1 0 0 1 
2
2649 0 2729 2 

2714
2714 1690
0 0 0 0 
0 1 0 1 0 1 0 0 1 1 0 1 0 
2
2650 0 2730 2 

2725
2725 1429
0 0 0 0 
0 1 0 1 0 1 0 1 0 0 1 0 1 
2
2661 0 2729 2 

2726
2726 1430
0 0 0 0 
0 1 0 1 0 1 0 1 0 0 1 1 0 
2
2662 0 2730 2 

2729
2729 0
0 0 0 0 
0 1 0 1 0 1 0 1 0 1 0 0 1 
2
2601 0 2730 2 

2730
2730 0
0 0 0 0 
0 1 0 1 0 1 0 1 0 1 0 1 0 
1
2602 0 

4096
4096 0
1 1 1 1 
1 0 0 0 0 0 0 0 0 0 0 0 0 
2
6144 0 4097 2 

4097
4097 0
1 1 1 1 
1 0 0 0 0 0 0 0 0 0 0 0 1 
2
6145 0 4161 2 

4161
4161 0
0 1 1 1 
1 0 0 0 0 0 1 0 0 0 0 0 1 
1
4165 2 

4165
4165 0
0 1 1 0 
1 0 0 0 0 0 1 0 0 0 1 0 1 
1
4421 2 

4421
4165 0
0 0 0 0 
1 0 0 0 1 0 1 0 0 0 1 0 1 
2
325 1 4165 2 

4437
4437 4437
0 0 0 0 
1 0 0 0 1 0 1 0 1 0 1 0 1 
2
341 1 4421 2 

5461
5461 5461
0 0 0 0 
1 0 1 0 1 0 1 0 1 0 1 0 1 
2
1365 1 4437 2 

5462
5462 5462
0 0 0 0 
1 0 1 0 1 0 1 0 1 0 1 1 0 
3
5461 0 1366 1 6486 2 

5465
5465 5465
0 0 0 0 
1 0 1 0 1 0 1 0 1 1 0 0 1 
3
5461 0 1369 1 6489 2 

5466
5466 5466
0 0 0 0 
1 0 1 0 1 0 1 0 1 1 0 1 0 
3
5465 0 1370 1 6490 2 

5477
5477 5477
0 0 0 0 
1 0 1 0 1 0 1 1 0 0 1 0 1 
3
5461 0 1381 1 6501 2 

5478
5478 5478
0 0 0 0 
1 0 1 0 1 0 1 1 0 0 1 1 0 
3
5477 0 1382 1 6502 2 

5481
5481 5481
0 0 0 0 
1 0 1 0 1 0 1 1 0 1 0 0 1 
3
5477 0 1385 1 6505 2 

5482
5482 5482
0 0 0 0 
1 0 1 0 1 0 1 1 0 1 0 1 0 
3
5481 0 1386 1 6506 2 

5525
5525 5525
0 0 0 0 
1 0 1 0 1 1 0 0 1 0 1 0 1 
3
5461 0 1429 1 6549 2 

5526
5526 5526
0 0 0 0 
1 0 1 0 1 1 0 0 1 0 1 1 0 
3
5462 0 1430 1 6550 2 

5529
5529 5529
0 0 0 0 
1 0 1 0 1 1 0 0 1 1 0 0 1 
3
5465 0 1433 1 6553 2 

5530
5530 5530
0 0 0 0 
1 0 1 0 1 1 0 0 1 1 0 1 0 
3
5466 0 1434 1 6554 2 

5541
5541 5541
0 0 0 0 
1 0 1 0 1 1 0 1 0 0 1 0 1 
3
5477 0 1445 1 6565 2 

5542
5542 5542
0 0 0 0 
1 0 1 0 1 1 0 1 0 0 1 1 0 
3
5478 0 1446 1 6566 2 

5545
5545 5545
0 0 0 0 
1 0 1 0 1 1 0 1 0 1 0 0 1 
3
5481 0 1449 1 6569 2 

5546
5546 5546
0 0 0 0 
1 0 1 0 1 1 0 1 0 1 0 1 0 
3
5482 0 1450 1 6570 2 

5717
5717 5717
0 0 0 0 
1 0 1 1 0 0 1 0 1 0 1 0 1 
3
5461 0 1621 1 6741 2 

5718
5718 5718
0 0 0 0 
1 0 1 1 0 0 1 0 1 0 1 1 0 
3
5717 0 1622 1 6742 2 

5721
5721 5721
0 0 0 0 
1 0 1 1 0 0 1 0 1 1 0 0 1 
3
5717 0 1625 1 6745 2 

5722
5722 5722
0 0 0 0 
1 0 1 1 0 0 1 0 1 1 0 1 0 
3
5721 0 1626 1 6746 2 

5733
5733 5733
0 0 0 0 
1 0 1 1 0 0 1 1 0 0 1 0 1 
3
5477 0 1637 1 6757 2 

5734
5734 5734
0 0 0 0 
1 0 1 1 0 0 1 1 0 0 1 1 0 
3
5733 0 1638 1 6758 2 

5737
5737 5737
0 0 0 0 
1 0 1 1 0 0 1 1 0 1 0 0 1 
3
5733 0 1641 1 6761 2 

5738
5738 5738
0 0 0 0 
1 0 1 1 0 0 1 1 0 1 0 1 0 
3
5737 0 1642 1 6762 2 

5781
5781 5781
0 0 0 0 
1 0 1 1 0 1 0 0 1 0 1 0 1 
3
5717 0 1685 1 6805 2 

5782
5782 5782
0 0 0 0 
1 0 1 1 0 1 0 0 1 0 1 1 0 
3
5718 0 1686 1 6806 2 

5785
5785 5785
0 0 0 0 
1 0 1 1 0 1 0 0 1 1 0 0 1 
3
5721 0 1689 1 6809 2 

5786
5786 5786
0 0 0 0 
1 0 1 1 0 1 0 0 1 1 0 1 0 
3
5722 0 1690 1 6810 2 

5797
5797 5797
0 0 0 0 
1 0 1 1 0 1 0 1 0 0 1 0 1 
3
5733 0 1701 1 6821 2 

5798
5798 5798
0 0 0 0 
1 0 1 1 0 1 0 1 0 0 1 1 0 
3
5734 0 1702 1 6822 2 

5801
5801 5801
0 0 0 0 
1 0 1 1 0 1 0 1 0 1 0 0 1 
3
5737 0 1705 1 6825 2 

5802
5802 5802
0 0 0 0 
1 0 1 1 0 1 0 1 0 1 0 1 0 
3
5738 0 1706 1 6826 2 

6144
6144 0
1 0 0 1 
1 1 0 0 0 0 0 0 0 0 0 0 0 
2
6176 0 2048 1 

6145
6145 0
1 0 0 1 
1 1 0 0 0 0 0 0 0 0 0 0 1 
3
6177 0 2049 1 6144 2 

6176
6176 0
1 0 0 0 
1 1 0 0 0 0 0 1 0 0 0 0 0 
2
6688 0 2080 1 

6177
6177 0
1 0 0 0 
1 1 0 0 0 0 0 1 0 0 0 0 1 
3
6689 0 2081 1 6176 2 

6209
6209 5462
0 0 0 1 
1 1 0 0 0 0 1 0 0 0 0 0 1 
3
4161 0 2113 1 6145 2 

6213
6213 5462
0 0 0 0 
1 1 0 0 0 0 1 0 0 0 1 0 1 
3
4165 0 2117 1 6209 2 

6241
6241 5462
0 0 0 0 
1 1 0 0 0 0 1 1 0 0 0 0 1 
3
6209 0 2145 1 6177 2 

6245
6245 5462
0 0 0 0 
1 1 0 0 0 0 1 1 0 0 1 0 1 
3
6213 0 2149 1 6241 2 

6469
6469 5462
0 0 0 0 
1 1 0 0 1 0 1 0 0 0 1 0 1 
3
4421 0 2373 1 6213 2 

6485
6485 5462
0 0 0 0 
1 1 0 0 1 0 1 0 1 0 1 0 1 
3
4437 0 2389 1 6469 2 

6486
6486 5462
0 0 0 0 
1 1 0 0 1 0 1 0 1 0 1 1 0 
3
6485 0 2390 1 6502 2 

6489
6489 5465
0 0 0 0 
1 1 0 0 1 0 1 0 1 1 0 0 1 
3
6485 0 2393 1 6505 2 

6490
6490 5466
0 0 0 0 
1 1 0 0 1 0 1 0 1 1 0 1 0 
3
6489 0 2394 1 6506 2 

6501
6501 5462
0 0 0 0 
1 1 0 0 1 0 1 1 0 0 1 0 1 
3
6469 0 2405 1 6245 2 

6502
6502 5462
0 0 0 0 
1 1 0 0 1 0 1 1 0 0 1 1 0 
3
6501 0 2406 1 6758 2 

6505
6505 5465
0 0 0 0 
1 1 0 0 1 0 1 1 0 1 0 0 1 
3
6501 0 2409 1 6761 2 

6506
6506 5466
0 0 0 0 
1 1 0 0 1 0 1 1 0 1 0 1 0 
3
6505 0 2410 1 6762 2 

6549
6549 5525
0 0 0 0 
1 1 0 0 1 1 0 0 1 0 1 0 1 
3
6485 0 2453 1 6565 2 

6550
6550 5526
0 0 0 0 
1 1 0 0 1 1 0 0 1 0 1 1 0 
3
6486 0 2454 1 6566 2 

6553
6553 5529
0 0 0 0 
1 1 0 0 1 1 0 0 1 1 0 0 1 
3
6489 0 2457 1 6569 2 

6554
6554 5530
0 0 0 0 
1 1 0 0 1 1 0 0 1 1 0 1 0 
3
6490 0 2458 1 6570 2 

6565
6565 5525
0 0 0 0 
1 1 0 0 1 1 0 1 0 0 1 0 1 
3
6501 0 2469 1 6821 2 

6566
6566 5526
0 0 0 0 
1 1 0 0 1 1 0 1 0 0 1 1 0 
3
6502 0 2470 1 6822 2 

6569
6569 5529
0 0 0 0 
1 1 0 0 1 1 0 1 0 1 0 0 1 
3
6505 0 2473 1 6825 2 

6570
6570 5530
0 0 0 0 
1 1 0 0 1 1 0 1 0 1 0 1 0 
3
6506 0 2474 1 6826 2 

6688
6688 0
1 0 0 0 
1 1 0 1 0 0 0 1 0 0 0 0 0 
2
6696 0 2592 1 

6689
6689 0
1 0 0 0 
1 1 0 1 0 0 0 1 0 0 0 0 1 
3
6697 0 2593 1 6688 2 

6696
6696 0
1 0 0 0 
1 1 0 1 0 0 0 1 0 1 0 0 0 
2
6698 0 2600 1 

6697
6697 0
1 0 0 0 
1 1 0 1 0 0 0 1 0 1 0 0 1 
3
6825 0 2601 1 6696 2 

6698
6698 0
1 0 0 0 
1 1 0 1 0 0 0 1 0 1 0 1 0 
2
6826 0 2602 1 

6741
6741 5717
0 0 0 0 
1 1 0 1 0 0 1 0 1 0 1 0 1 
3
6485 0 2645 1 6757 2 

6742
6742 5718
0 0 0 0 
1 1 0 1 0 0 1 0 1 0 1 1 0 
3
6741 0 2646 1 6758 2 

6745
6745 5721
0 0 0 0 
1 1 0 1 0 0 1 0 1 1 0 0 1 
3
6741 0 2649 1 6761 2 

6746
6746 5722
0 0 0 0 
1 1 0 1 0 0 1 0 1 1 0 1 0 
3
6745 0 2650 1 6762 2 

6753
6753 5462
0 0 0 0 
1 1 0 1 0 0 1 1 0 0 0 0 1 
3
6241 0 2657 1 6689 2 

6757
6757 5462
0 0 0 0 
1 1 0 1 0 0 1 1 0 0 1 0 1 
3
6245 0 2661 1 6753 2 

6758
6758 5462
0 0 0 0 
1 1 0 1 0 0 1 1 0 0 1 1 0 
3
6757 0 2662 1 6762 2 

6761
6761 5462
0 0 0 0 
1 1 0 1 0 0 1 1 0 1 0 0 1 
3
6753 0 2665 1 6697 2 

6762
6762 5462
0 0 0 0 
1 1 0 1 0 0 1 1 0 1 0 1 0 
3
6761 0 2666 1 6698 2 

6805
6805 5781
0 0 0 0 
1 1 0 1 0 1 0 0 1 0 1 0 1 
3
6741 0 2709 1 6821 2 

6806
6806 5782
0 0 0 0 
1 1 0 1 0 1 0 0 1 0 1 1 0 
3
6742 0 2710 1 6822 2 

6809
6809 5785
0 0 0 0 
1 1 0 1 0 1 0 0 1 1 0 0 1 
3
6745 0 2713 1 6825 2 

6810
6810 5786
0 0 0 0 
1 1 0 1 0 1 0 0 1 1 0 1 0 
3
6746 0 2714 1 6826 2 

6821
6821 5525
0 0 0 0 
1 1 0 1 0 1 0 1 0 0 1 0 1 
3
6757 0 2725 1 6825 2 

6822
6822 5526
0 0 0 0 
1 1 0 1 0 1 0 1 0 0 1 1 0 
3
6758 0 2726 1 6826 2 

6825
6697 0
0 0 0 0 
1 1 0 1 0 1 0 1 0 1 0 0 1 
3
6697 0 2729 1 6826 2 

6826
6698 0
0 0 0 0 
1 1 0 1 0 1 0 1 0 1 0 1 0 
2
6698 0 2730 1 

