36
1 1 7 7 9 9 3 3 11 11 5 5 0 0 -1 -1 -1 -1 -1 -1 -1 -1 -1 -1 6 6 4 4 2 2 12 12 10 10 8 8 

4
cI cII cro N 
1 6
bcII_1{cII} bOR1{cI,cro} bOR2{cI,cro} bOR3{cI,cro} bOL1{cI,cro} bOL2{cI,cro} bOL3{cI,cro} 
1 0 2 0 2 0 2 0 2 0 2 0 2 

7 4 4 4 

5 6 1 2 3 4 0 
1 2 3 4 
1 2 3 4 
7 8 9 10 

0 1 1 1 1 1 1 1 1 1 1 1 1 1 1 1 1 1 1 1 1 1 1 1 1 1 1 1 1 1 1 1 0 0 0 0 0 0 0 0 0 0 0 0 0 0 0 0 0 0 0 0 0 0 0 0 0 0 0 0 0 0 0 0 0 0 0 0 0 0 0 0 0 0 0 0 0 0 0 0 0 0 0 0 0 0 0 0 0 0 0 0 0 0 0 0 0 0 0 0 0 0 0 0 0 0 0 0 0 0 0 0 0 0 0 0 0 0 0 0 0 0 0 0 0 0 0 0 
1 0 0 0 0 0 0 0 0 0 0 0 0 0 0 0 
1 0 0 0 0 0 0 0 0 0 0 0 0 0 0 0 
1 0 0 0 0 0 0 0 0 0 0 0 0 0 0 0 


18 178 8192
3
2730 2 1 4160 4 1 6698 2 0 
2602 2730 
64 320 4160 4416 
6698 6826 

0
0 0
0 1 1 1 
0 0 0 0 0 0 0 0 0 0 0 0 0 
2
4096 1 64 2 

64
4160 0
0 1 1 1 
0 0 0 0 0 0 1 0 0 0 0 0 0 
2
4160 1 320 2 

320
4160 0
0 0 0 1 
0 0 0 0 1 0 1 0 0 0 0 0 0 
1
64 2 

1344
1344 1344
0 0 0 1 
0 0 1 0 1 0 1 0 0 0 0 0 0 
1
320 2 

1345
1345 1345
0 0 0 1 
0 0 1 0 1 0 1 0 0 0 0 0 1 
1
1344 2 

1349
1349 1349
0 0 0 0 
0 0 1 0 1 0 1 0 0 0 1 0 1 
1
1345 2 

1365
1365 1365
0 0 0 0 
0 0 1 0 1 0 1 0 1 0 1 0 1 
1
1349 2 

1366
1366 1366
0 0 0 0 
0 0 1 0 1 0 1 0 1 0 1 1 0 
2
1365 0 1382 2 

1369
1369 1369
0 0 0 0 
0 0 1 0 1 0 1 0 1 1 0 0 1 
2
1365 0 1385 2 

1370
1370 1370
0 0 0 0 
0 0 1 0 1 0 1 0 1 1 0 1 0 
2
1369 0 1386 2 

1376
1376 1366
0 0 0 0 
0 0 1 0 1 0 1 1 0 0 0 0 0 
2
1344 0 2400 2 

1377
1377 1366
0 0 0 0 
0 0 1 0 1 0 1 1 0 0 0 0 1 
2
1345 0 1376 2 

1381
1381 1366
0 0 0 0 
0 0 1 0 1 0 1 1 0 0 1 0 1 
2
1349 0 1377 2 

1382
1382 1366
0 0 0 0 
0 0 1 0 1 0 1 1 0 0 1 1 0 
2
1381 0 1386 2 

1384
1384 1366
0 0 0 0 
0 0 1 0 1 0 1 1 0 1 0 0 0 
2
1376 0 2408 2 

1385
1385 1369
0 0 0 0 
0 0 1 0 1 0 1 1 0 1 0 0 1 
2
1377 0 1384 2 

1386
1386 1366
0 0 0 0 
0 0 1 0 1 0 1 1 0 1 0 1 0 
2
1384 0 2410 2 

1429
1429 1429
0 0 0 0 
0 0 1 0 1 1 0 0 1 0 1 0 1 
2
1365 0 1445 2 

1430
1430 1430
0 0 0 0 
0 0 1 0 1 1 0 0 1 0 1 1 0 
2
1366 0 1446 2 

1433
1433 1433
0 0 0 0 
0 0 1 0 1 1 0 0 1 1 0 0 1 
2
1369 0 1449 2 

1434
1434 1434
0 0 0 0 
0 0 1 0 1 1 0 0 1 1 0 1 0 
2
1370 0 1450 2 

1445
1445 1429
0 0 0 0 
0 0 1 0 1 1 0 1 0 0 1 0 1 
2
1381 0 1449 2 

1446
1446 1430
0 0 0 0 
0 0 1 0 1 1 0 1 0 0 1 1 0 
2
1382 0 1450 2 

1449
1449 1429
0 0 0 0 
0 0 1 0 1 1 0 1 0 1 0 0 1 
2
1385 0 1450 2 

1450
1450 1429
0 0 0 0 
0 0 1 0 1 1 0 1 0 1 0 1 0 
2
1386 0 2474 2 

1621
1621 1621
0 0 0 0 
0 0 1 1 0 0 1 0 1 0 1 0 1 
2
1365 0 1637 2 

1622
1622 1622
0 0 0 0 
0 0 1 1 0 0 1 0 1 0 1 1 0 
2
1621 0 1638 2 

1625
1625 1625
0 0 0 0 
0 0 1 1 0 0 1 0 1 1 0 0 1 
2
1369 0 1641 2 

1626
1626 1626
0 0 0 0 
0 0 1 1 0 0 1 0 1 1 0 1 0 
2
1625 0 1642 2 

1637
1637 1621
0 0 0 0 
0 0 1 1 0 0 1 1 0 0 1 0 1 
2
1381 0 1641 2 

1638
1638 1622
0 0 0 0 
0 0 1 1 0 0 1 1 0 0 1 1 0 
2
1637 0 1642 2 

1640
1640 1621
0 0 0 0 
0 0 1 1 0 0 1 1 0 1 0 0 0 
2
1384 0 2664 2 

1641
1641 1621
0 0 0 0 
0 0 1 1 0 0 1 1 0 1 0 0 1 
2
1385 0 1640 2 

1642
1642 1622
0 0 0 0 
0 0 1 1 0 0 1 1 0 1 0 1 0 
2
1640 0 2666 2 

1685
1685 1685
0 0 0 0 
0 0 1 1 0 1 0 0 1 0 1 0 1 
2
1621 0 1701 2 

1686
1686 1686
0 0 0 0 
0 0 1 1 0 1 0 0 1 0 1 1 0 
2
1622 0 1702 2 

1689
1689 1689
0 0 0 0 
0 0 1 1 0 1 0 0 1 1 0 0 1 
2
1625 0 1705 2 

1690
1690 1690
0 0 0 0 
0 0 1 1 0 1 0 0 1 1 0 1 0 
2
1626 0 1706 2 

1701
1701 1685
0 0 0 0 
0 0 1 1 0 1 0 1 0 0 1 0 1 
2
1637 0 1705 2 

1702
1702 1686
0 0 0 0 
0 0 1 1 0 1 0 1 0 0 1 1 0 
2
1638 0 1706 2 

1705
1705 1685
0 0 0 0 
0 0 1 1 0 1 0 1 0 1 0 0 1 
2
1641 0 1706 2 

1706
1706 1685
0 0 0 0 
0 0 1 1 0 1 0 1 0 1 0 1 0 
2
1642 0 2730 2 

2048
2048 0
1 0 0 1 
0 1 0 0 0 0 0 0 0 0 0 0 0 
1
2080 0 

2080
2080 0
1 0 0 0 
0 1 0 0 0 0 0 1 0 0 0 0 0 
1
2088 0 

2088
2088 0
1 0 0 0 
0 1 0 0 0 0 0 1 0 1 0 0 0 
1
2600 0 

2112
2112 1366
0 0 0 1 
0 1 0 0 0 0 1 0 0 0 0 0 0 
2
64 0 2048 2 

2144
2144 1366
0 0 0 0 
0 1 0 0 0 0 1 1 0 0 0 0 0 
2
2112 0 2080 2 

2152
2152 1366
0 0 0 0 
0 1 0 0 0 0 1 1 0 1 0 0 0 
2
2144 0 2088 2 

2368
2368 1366
0 0 0 1 
0 1 0 0 1 0 1 0 0 0 0 0 0 
2
320 0 2112 2 

2369
2369 2369
0 0 0 1 
0 1 0 0 1 0 1 0 0 0 0 0 1 
2
1345 0 2368 2 

2373
2373 2373
0 0 0 0 
0 1 0 0 1 0 1 0 0 0 1 0 1 
2
1349 0 2369 2 

2389
2389 2389
0 0 0 0 
0 1 0 0 1 0 1 0 1 0 1 0 1 
2
1365 0 2373 2 

2390
2390 2390
0 0 0 0 
0 1 0 0 1 0 1 0 1 0 1 1 0 
2
2389 0 2406 2 

2393
2393 2393
0 0 0 0 
0 1 0 0 1 0 1 0 1 1 0 0 1 
2
2389 0 2409 2 

2394
2394 2394
0 0 0 0 
0 1 0 0 1 0 1 0 1 1 0 1 0 
2
2393 0 2410 2 

2400
2400 1366
0 0 0 0 
0 1 0 0 1 0 1 1 0 0 0 0 0 
2
2368 0 2144 2 

2401
2401 2390
0 0 0 0 
0 1 0 0 1 0 1 1 0 0 0 0 1 
2
2369 0 2400 2 

2405
2405 2390
0 0 0 0 
0 1 0 0 1 0 1 1 0 0 1 0 1 
2
2373 0 2401 2 

2406
2406 2390
0 0 0 0 
0 1 0 0 1 0 1 1 0 0 1 1 0 
2
2405 0 2410 2 

2408
2408 1366
0 0 0 0 
0 1 0 0 1 0 1 1 0 1 0 0 0 
2
2400 0 2152 2 

2409
2409 2393
0 0 0 0 
0 1 0 0 1 0 1 1 0 1 0 0 1 
2
2401 0 2408 2 

2410
2410 1366
0 0 0 0 
0 1 0 0 1 0 1 1 0 1 0 1 0 
2
2408 0 2666 2 

2453
2453 2453
0 0 0 0 
0 1 0 0 1 1 0 0 1 0 1 0 1 
2
2389 0 2469 2 

2454
2454 2454
0 0 0 0 
0 1 0 0 1 1 0 0 1 0 1 1 0 
2
2390 0 2470 2 

2457
2457 2457
0 0 0 0 
0 1 0 0 1 1 0 0 1 1 0 0 1 
2
2393 0 2473 2 

2458
2458 2458
0 0 0 0 
0 1 0 0 1 1 0 0 1 1 0 1 0 
2
2394 0 2474 2 

2469
2469 2453
0 0 0 0 
0 1 0 0 1 1 0 1 0 0 1 0 1 
2
2405 0 2473 2 

2470
2470 2454
0 0 0 0 
0 1 0 0 1 1 0 1 0 0 1 1 0 
2
2406 0 2474 2 

2473
2473 2453
0 0 0 0 
0 1 0 0 1 1 0 1 0 1 0 0 1 
2
2409 0 2474 2 

2474
2474 1429
0 0 0 0 
0 1 0 0 1 1 0 1 0 1 0 1 0 
2
2410 0 2730 2 

2600
2600 0
1 0 0 0 
0 1 0 1 0 0 0 1 0 1 0 0 0 
1
2602 0 

2602
2730 0
1 0 0 0 
0 1 0 1 0 0 0 1 0 1 0 1 0 
1
2730 0 

2645
2645 2645
0 0 0 0 
0 1 0 1 0 0 1 0 1 0 1 0 1 
2
2389 0 2661 2 

2646
2646 2646
0 0 0 0 
0 1 0 1 0 0 1 0 1 0 1 1 0 
2
2645 0 2662 2 

2649
2649 2649
0 0 0 0 
0 1 0 1 0 0 1 0 1 1 0 0 1 
2
2393 0 2665 2 

2650
2650 2650
0 0 0 0 
0 1 0 1 0 0 1 0 1 1 0 1 0 
2
2649 0 2666 2 

2661
2661 2645
0 0 0 0 
0 1 0 1 0 0 1 1 0 0 1 0 1 
2
2405 0 2665 2 

2662
2662 2646
0 0 0 0 
0 1 0 1 0 0 1 1 0 0 1 1 0 
2
2661 0 2666 2 

2664
2664 1366
0 0 0 0 
0 1 0 1 0 0 1 1 0 1 0 0 0 
2
2152 0 2600 2 

2665
2665 2645
0 0 0 0 
0 1 0 1 0 0 1 1 0 1 0 0 1 
2
2409 0 2664 2 

2666
2666 1366
0 0 0 0 
0 1 0 1 0 0 1 1 0 1 0 1 0 
2
2664 0 2602 2 

2709
2709 2709
0 0 0 0 
0 1 0 1 0 1 0 0 1 0 1 0 1 
2
2645 0 2725 2 

2710
2710 2710
0 0 0 0 
0 1 0 1 0 1 0 0 1 0 1 1 0 
2
2646 0 2726 2 

2713
2713 2713
0 0 0 0 
0 1 0 1 0 1 0 0 1 1 0 0 1 
2
2649 0 2729 2 

2714
2714 2714
0 0 0 0 
0 1 0 1 0 1 0 0 1 1 0 1 0 
2
2650 0 2730 2 

2725
2725 2709
0 0 0 0 
0 1 0 1 0 1 0 1 0 0 1 0 1 
2
2661 0 2729 2 

2726
2726 2710
0 0 0 0 
0 1 0 1 0 1 0 1 0 0 1 1 0 
2
2662 0 2730 2 

2729
2729 2709
0 0 0 0 
0 1 0 1 0 1 0 1 0 1 0 0 1 
2
2665 0 2730 2 

2730
2730 0
0 0 0 0 
0 1 0 1 0 1 0 1 0 1 0 1 0 
1
2602 0 

4096
4096 0
1 1 1 1 
1 0 0 0 0 0 0 0 0 0 0 0 0 
2
6144 0 4160 2 

4160
4160 0
0 1 1 1 
1 0 0 0 0 0 1 0 0 0 0 0 0 
1
4416 2 

4416
4160 0
0 0 0 1 
1 0 0 0 1 0 1 0 0 0 0 0 0 
2
320 1 4160 2 

5440
5440 5440
0 0 0 1 
1 0 1 0 1 0 1 0 0 0 0 0 0 
2
1344 1 4416 2 

5441
5441 5441
0 0 0 1 
1 0 1 0 1 0 1 0 0 0 0 0 1 
2
1345 1 5440 2 

5445
5445 5445
0 0 0 0 
1 0 1 0 1 0 1 0 0 0 1 0 1 
2
1349 1 5441 2 

5461
5461 5461
0 0 0 0 
1 0 1 0 1 0 1 0 1 0 1 0 1 
2
1365 1 5445 2 

5462
5462 5462
0 0 0 0 
1 0 1 0 1 0 1 0 1 0 1 1 0 
3
5461 0 1366 1 5478 2 

5465
5465 5465
0 0 0 0 
1 0 1 0 1 0 1 0 1 1 0 0 1 
3
5461 0 1369 1 5481 2 

5466
5466 5466
0 0 0 0 
1 0 1 0 1 0 1 0 1 1 0 1 0 
3
5465 0 1370 1 5482 2 

5472
5472 5462
0 0 0 0 
1 0 1 0 1 0 1 1 0 0 0 0 0 
3
5440 0 1376 1 6496 2 

5473
5473 5462
0 0 0 0 
1 0 1 0 1 0 1 1 0 0 0 0 1 
3
5441 0 1377 1 5472 2 

5477
5477 5462
0 0 0 0 
1 0 1 0 1 0 1 1 0 0 1 0 1 
3
5445 0 1381 1 5473 2 

5478
5478 5462
0 0 0 0 
1 0 1 0 1 0 1 1 0 0 1 1 0 
3
5477 0 1382 1 5482 2 

5480
5480 5462
0 0 0 0 
1 0 1 0 1 0 1 1 0 1 0 0 0 
3
5472 0 1384 1 6504 2 

5481
5481 5465
0 0 0 0 
1 0 1 0 1 0 1 1 0 1 0 0 1 
3
5473 0 1385 1 5480 2 

5482
5482 5462
0 0 0 0 
1 0 1 0 1 0 1 1 0 1 0 1 0 
3
5480 0 1386 1 6506 2 

5525
5525 5525
0 0 0 0 
1 0 1 0 1 1 0 0 1 0 1 0 1 
3
5461 0 1429 1 5541 2 

5526
5526 5526
0 0 0 0 
1 0 1 0 1 1 0 0 1 0 1 1 0 
3
5462 0 1430 1 5542 2 

5529
5529 5529
0 0 0 0 
1 0 1 0 1 1 0 0 1 1 0 0 1 
3
5465 0 1433 1 5545 2 

5530
5530 5530
0 0 0 0 
1 0 1 0 1 1 0 0 1 1 0 1 0 
3
5466 0 1434 1 5546 2 

5541
5541 5525
0 0 0 0 
1 0 1 0 1 1 0 1 0 0 1 0 1 
3
5477 0 1445 1 5545 2 

5542
5542 5526
0 0 0 0 
1 0 1 0 1 1 0 1 0 0 1 1 0 
3
5478 0 1446 1 5546 2 

5545
5545 5525
0 0 0 0 
1 0 1 0 1 1 0 1 0 1 0 0 1 
3
5481 0 1449 1 5546 2 

5546
5546 5525
0 0 0 0 
1 0 1 0 1 1 0 1 0 1 0 1 0 
3
5482 0 1450 1 6570 2 

5717
5717 5717
0 0 0 0 
1 0 1 1 0 0 1 0 1 0 1 0 1 
3
5461 0 1621 1 5733 2 

5718
5718 5718
0 0 0 0 
1 0 1 1 0 0 1 0 1 0 1 1 0 
3
5717 0 1622 1 5734 2 

5721
5721 5721
0 0 0 0 
1 0 1 1 0 0 1 0 1 1 0 0 1 
3
5465 0 1625 1 5737 2 

5722
5722 5722
0 0 0 0 
1 0 1 1 0 0 1 0 1 1 0 1 0 
3
5721 0 1626 1 5738 2 

5733
5733 5717
0 0 0 0 
1 0 1 1 0 0 1 1 0 0 1 0 1 
3
5477 0 1637 1 5737 2 

5734
5734 5718
0 0 0 0 
1 0 1 1 0 0 1 1 0 0 1 1 0 
3
5733 0 1638 1 5738 2 

5736
5736 5717
0 0 0 0 
1 0 1 1 0 0 1 1 0 1 0 0 0 
3
5480 0 1640 1 6760 2 

5737
5737 5717
0 0 0 0 
1 0 1 1 0 0 1 1 0 1 0 0 1 
3
5481 0 1641 1 5736 2 

5738
5738 5718
0 0 0 0 
1 0 1 1 0 0 1 1 0 1 0 1 0 
3
5736 0 1642 1 6762 2 

5781
5781 5781
0 0 0 0 
1 0 1 1 0 1 0 0 1 0 1 0 1 
3
5717 0 1685 1 5797 2 

5782
5782 5782
0 0 0 0 
1 0 1 1 0 1 0 0 1 0 1 1 0 
3
5718 0 1686 1 5798 2 

5785
5785 5785
0 0 0 0 
1 0 1 1 0 1 0 0 1 1 0 0 1 
3
5721 0 1689 1 5801 2 

5786
5786 5786
0 0 0 0 
1 0 1 1 0 1 0 0 1 1 0 1 0 
3
5722 0 1690 1 5802 2 

5797
5797 5781
0 0 0 0 
1 0 1 1 0 1 0 1 0 0 1 0 1 
3
5733 0 1701 1 5801 2 

5798
5798 5782
0 0 0 0 
1 0 1 1 0 1 0 1 0 0 1 1 0 
3
5734 0 1702 1 5802 2 

5801
5801 5781
0 0 0 0 
1 0 1 1 0 1 0 1 0 1 0 0 1 
3
5737 0 1705 1 5802 2 

5802
5802 5781
0 0 0 0 
1 0 1 1 0 1 0 1 0 1 0 1 0 
3
5738 0 1706 1 6826 2 

6144
6144 0
1 0 0 1 
1 1 0 0 0 0 0 0 0 0 0 0 0 
2
6176 0 2048 1 

6176
6176 0
1 0 0 0 
1 1 0 0 0 0 0 1 0 0 0 0 0 
2
6184 0 2080 1 

6184
6184 0
1 0 0 0 
1 1 0 0 0 0 0 1 0 1 0 0 0 
2
6696 0 2088 1 

6208
6208 5462
0 0 0 1 
1 1 0 0 0 0 1 0 0 0 0 0 0 
3
4160 0 2112 1 6144 2 

6240
6240 5462
0 0 0 0 
1 1 0 0 0 0 1 1 0 0 0 0 0 
3
6208 0 2144 1 6176 2 

6248
6248 5462
0 0 0 0 
1 1 0 0 0 0 1 1 0 1 0 0 0 
3
6240 0 2152 1 6184 2 

6464
6464 5462
0 0 0 1 
1 1 0 0 1 0 1 0 0 0 0 0 0 
3
4416 0 2368 1 6208 2 

6465
6465 6465
0 0 0 1 
1 1 0 0 1 0 1 0 0 0 0 0 1 
3
5441 0 2369 1 6464 2 

6469
6469 6469
0 0 0 0 
1 1 0 0 1 0 1 0 0 0 1 0 1 
3
5445 0 2373 1 6465 2 

6485
6485 6485
0 0 0 0 
1 1 0 0 1 0 1 0 1 0 1 0 1 
3
5461 0 2389 1 6469 2 

6486
6486 6486
0 0 0 0 
1 1 0 0 1 0 1 0 1 0 1 1 0 
3
6485 0 2390 1 6502 2 

6489
6489 6489
0 0 0 0 
1 1 0 0 1 0 1 0 1 1 0 0 1 
3
6485 0 2393 1 6505 2 

6490
6490 6490
0 0 0 0 
1 1 0 0 1 0 1 0 1 1 0 1 0 
3
6489 0 2394 1 6506 2 

6496
6496 5462
0 0 0 0 
1 1 0 0 1 0 1 1 0 0 0 0 0 
3
6464 0 2400 1 6240 2 

6497
6497 6486
0 0 0 0 
1 1 0 0 1 0 1 1 0 0 0 0 1 
3
6465 0 2401 1 6496 2 

6501
6501 6486
0 0 0 0 
1 1 0 0 1 0 1 1 0 0 1 0 1 
3
6469 0 2405 1 6497 2 

6502
6502 6486
0 0 0 0 
1 1 0 0 1 0 1 1 0 0 1 1 0 
3
6501 0 2406 1 6506 2 

6504
6504 5462
0 0 0 0 
1 1 0 0 1 0 1 1 0 1 0 0 0 
3
6496 0 2408 1 6248 2 

6505
6505 6489
0 0 0 0 
1 1 0 0 1 0 1 1 0 1 0 0 1 
3
6497 0 2409 1 6504 2 

6506
6506 5462
0 0 0 0 
1 1 0 0 1 0 1 1 0 1 0 1 0 
3
6504 0 2410 1 6762 2 

6549
6549 6549
0 0 0 0 
1 1 0 0 1 1 0 0 1 0 1 0 1 
3
6485 0 2453 1 6565 2 

6550
6550 6550
0 0 0 0 
1 1 0 0 1 1 0 0 1 0 1 1 0 
3
6486 0 2454 1 6566 2 

6553
6553 6553
0 0 0 0 
1 1 0 0 1 1 0 0 1 1 0 0 1 
3
6489 0 2457 1 6569 2 

6554
6554 6554
0 0 0 0 
1 1 0 0 1 1 0 0 1 1 0 1 0 
3
6490 0 2458 1 6570 2 

6565
6565 6549
0 0 0 0 
1 1 0 0 1 1 0 1 0 0 1 0 1 
3
6501 0 2469 1 6569 2 

6566
6566 6550
0 0 0 0 
1 1 0 0 1 1 0 1 0 0 1 1 0 
3
6502 0 2470 1 6570 2 

6569
6569 6549
0 0 0 0 
1 1 0 0 1 1 0 1 0 1 0 0 1 
3
6505 0 2473 1 6570 2 

6570
6570 5525
0 0 0 0 
1 1 0 0 1 1 0 1 0 1 0 1 0 
3
6506 0 2474 1 6826 2 

6696
6696 0
1 0 0 0 
1 1 0 1 0 0 0 1 0 1 0 0 0 
2
6698 0 2600 1 

6698
6698 0
1 0 0 0 
1 1 0 1 0 0 0 1 0 1 0 1 0 
2
6826 0 2602 1 

6741
6741 6741
0 0 0 0 
1 1 0 1 0 0 1 0 1 0 1 0 1 
3
6485 0 2645 1 6757 2 

6742
6742 6742
0 0 0 0 
1 1 0 1 0 0 1 0 1 0 1 1 0 
3
6741 0 2646 1 6758 2 

6745
6745 6745
0 0 0 0 
1 1 0 1 0 0 1 0 1 1 0 0 1 
3
6489 0 2649 1 6761 2 

6746
6746 6746
0 0 0 0 
1 1 0 1 0 0 1 0 1 1 0 1 0 
3
6745 0 2650 1 6762 2 

6757
6757 6741
0 0 0 0 
1 1 0 1 0 0 1 1 0 0 1 0 1 
3
6501 0 2661 1 6761 2 

6758
6758 6742
0 0 0 0 
1 1 0 1 0 0 1 1 0 0 1 1 0 
3
6757 0 2662 1 6762 2 

6760
6760 5462
0 0 0 0 
1 1 0 1 0 0 1 1 0 1 0 0 0 
3
6248 0 2664 1 6696 2 

6761
6761 6741
0 0 0 0 
1 1 0 1 0 0 1 1 0 1 0 0 1 
3
6505 0 2665 1 6760 2 

6762
6762 5462
0 0 0 0 
1 1 0 1 0 0 1 1 0 1 0 1 0 
3
6760 0 2666 1 6698 2 

6805
6805 6805
0 0 0 0 
1 1 0 1 0 1 0 0 1 0 1 0 1 
3
6741 0 2709 1 6821 2 

6806
6806 6806
0 0 0 0 
1 1 0 1 0 1 0 0 1 0 1 1 0 
3
6742 0 2710 1 6822 2 

6809
6809 6809
0 0 0 0 
1 1 0 1 0 1 0 0 1 1 0 0 1 
3
6745 0 2713 1 6825 2 

6810
6810 6810
0 0 0 0 
1 1 0 1 0 1 0 0 1 1 0 1 0 
3
6746 0 2714 1 6826 2 

6821
6821 6805
0 0 0 0 
1 1 0 1 0 1 0 1 0 0 1 0 1 
3
6757 0 2725 1 6825 2 

6822
6822 6806
0 0 0 0 
1 1 0 1 0 1 0 1 0 0 1 1 0 
3
6758 0 2726 1 6826 2 

6825
6825 6805
0 0 0 0 
1 1 0 1 0 1 0 1 0 1 0 0 1 
3
6761 0 2729 1 6826 2 

6826
6698 0
0 0 0 0 
1 1 0 1 0 1 0 1 0 1 0 1 0 
2
6698 0 2730 1 

