36
1 1 3 3 7 7 5 5 9 9 11 11 0 0 -1 -1 -1 -1 -1 -1 -1 -1 -1 -1 6 6 4 4 2 2 12 12 10 10 8 8 

4
cI cII cro N 
1 6
bcII_1{cII} bOR1{cI,cro} bOR2{cI,cro} bOR3{cI,cro} bOL1{cI,cro} bOL2{cI,cro} bOL3{cI,cro} 
1 0 2 0 2 0 2 0 2 0 2 0 2 

7 4 4 4 

5 6 1 2 3 4 0 
1 2 3 4 
1 2 3 4 
7 8 9 10 

0 1 1 1 1 1 1 1 1 1 1 1 1 1 1 1 1 1 1 1 1 1 1 1 1 1 1 1 1 1 1 1 0 0 0 0 0 0 0 0 0 0 0 0 0 0 0 0 0 0 0 0 0 0 0 0 0 0 0 0 0 0 0 0 0 0 0 0 0 0 0 0 0 0 0 0 0 0 0 0 0 0 0 0 0 0 0 0 0 0 0 0 0 0 0 0 0 0 0 0 0 0 0 0 0 0 0 0 0 0 0 0 0 0 0 0 0 0 0 0 0 0 0 0 0 0 0 0 
1 0 0 0 0 0 0 0 0 0 0 0 0 0 0 0 
1 0 0 0 0 0 0 0 0 0 0 0 0 0 0 0 
1 0 0 0 0 0 0 0 0 0 0 0 0 0 0 0 


14 214 8192
3
2720 2 1 4160 4 1 6688 2 0 
2592 2720 
64 320 4160 4416 
6688 6816 

0
0 0
0 1 1 1 
0 0 0 0 0 0 0 0 0 0 0 0 0 
2
4096 1 64 2 

64
4160 0
0 1 1 1 
0 0 0 0 0 0 1 0 0 0 0 0 0 
2
4160 1 320 2 

320
4160 0
0 0 0 1 
0 0 0 0 1 0 1 0 0 0 0 0 0 
1
64 2 

1344
1344 1344
0 0 0 1 
0 0 1 0 1 0 1 0 0 0 0 0 0 
1
320 2 

1345
1345 1345
0 0 0 1 
0 0 1 0 1 0 1 0 0 0 0 0 1 
1
1344 2 

1349
1349 1349
0 0 0 0 
0 0 1 0 1 0 1 0 0 0 1 0 1 
1
1345 2 

1365
1365 1365
0 0 0 0 
0 0 1 0 1 0 1 0 1 0 1 0 1 
1
1349 2 

1366
1366 1366
0 0 0 0 
0 0 1 0 1 0 1 0 1 0 1 1 0 
2
1365 0 1382 2 

1369
1369 1369
0 0 0 0 
0 0 1 0 1 0 1 0 1 1 0 0 1 
2
1365 0 1385 2 

1370
1370 1370
0 0 0 0 
0 0 1 0 1 0 1 0 1 1 0 1 0 
2
1369 0 1386 2 

1376
1376 1366
0 0 0 0 
0 0 1 0 1 0 1 1 0 0 0 0 0 
2
1344 0 2400 2 

1377
1377 1366
0 0 0 0 
0 0 1 0 1 0 1 1 0 0 0 0 1 
2
1345 0 1376 2 

1381
1381 1366
0 0 0 0 
0 0 1 0 1 0 1 1 0 0 1 0 1 
2
1349 0 1377 2 

1382
1382 1366
0 0 0 0 
0 0 1 0 1 0 1 1 0 0 1 1 0 
2
1381 0 1386 2 

1384
1384 1366
0 0 0 0 
0 0 1 0 1 0 1 1 0 1 0 0 0 
2
1376 0 2408 2 

1385
1385 1369
0 0 0 0 
0 0 1 0 1 0 1 1 0 1 0 0 1 
2
1377 0 1384 2 

1386
1386 1366
0 0 0 0 
0 0 1 0 1 0 1 1 0 1 0 1 0 
2
1384 0 2410 2 

1429
1429 1429
0 0 0 0 
0 0 1 0 1 1 0 0 1 0 1 0 1 
2
1365 0 1445 2 

1430
1430 1430
0 0 0 0 
0 0 1 0 1 1 0 0 1 0 1 1 0 
2
1429 0 1446 2 

1433
1433 1433
0 0 0 0 
0 0 1 0 1 1 0 0 1 1 0 0 1 
2
1429 0 1449 2 

1434
1434 1434
0 0 0 0 
0 0 1 0 1 1 0 0 1 1 0 1 0 
2
1433 0 1450 2 

1440
1440 1429
0 0 0 0 
0 0 1 0 1 1 0 1 0 0 0 0 0 
2
1376 0 2464 2 

1441
1441 1429
0 0 0 0 
0 0 1 0 1 1 0 1 0 0 0 0 1 
2
1377 0 1440 2 

1445
1445 1429
0 0 0 0 
0 0 1 0 1 1 0 1 0 0 1 0 1 
2
1381 0 1441 2 

1446
1446 1430
0 0 0 0 
0 0 1 0 1 1 0 1 0 0 1 1 0 
2
1445 0 1450 2 

1448
1448 1430
0 0 0 0 
0 0 1 0 1 1 0 1 0 1 0 0 0 
2
1440 0 2472 2 

1449
1449 1433
0 0 0 0 
0 0 1 0 1 1 0 1 0 1 0 0 1 
2
1441 0 1448 2 

1450
1450 1430
0 0 0 0 
0 0 1 0 1 1 0 1 0 1 0 1 0 
2
1448 0 2474 2 

1600
1600 1600
0 0 0 1 
0 0 1 1 0 0 1 0 0 0 0 0 0 
2
1344 0 2624 2 

1601
1601 1601
0 0 0 1 
0 0 1 1 0 0 1 0 0 0 0 0 1 
2
1345 0 1600 2 

1605
1605 1605
0 0 0 0 
0 0 1 1 0 0 1 0 0 0 1 0 1 
2
1349 0 1601 2 

1621
1621 1621
0 0 0 0 
0 0 1 1 0 0 1 0 1 0 1 0 1 
2
1365 0 1605 2 

1622
1622 1622
0 0 0 0 
0 0 1 1 0 0 1 0 1 0 1 1 0 
2
1621 0 1638 2 

1625
1625 1625
0 0 0 0 
0 0 1 1 0 0 1 0 1 1 0 0 1 
2
1621 0 1641 2 

1626
1626 1626
0 0 0 0 
0 0 1 1 0 0 1 0 1 1 0 1 0 
2
1625 0 1642 2 

1632
1632 1622
0 0 0 0 
0 0 1 1 0 0 1 1 0 0 0 0 0 
2
1600 0 2656 2 

1633
1633 1622
0 0 0 0 
0 0 1 1 0 0 1 1 0 0 0 0 1 
2
1601 0 1632 2 

1637
1637 1622
0 0 0 0 
0 0 1 1 0 0 1 1 0 0 1 0 1 
2
1605 0 1633 2 

1638
1638 1622
0 0 0 0 
0 0 1 1 0 0 1 1 0 0 1 1 0 
2
1637 0 1642 2 

1640
1640 1622
0 0 0 0 
0 0 1 1 0 0 1 1 0 1 0 0 0 
2
1632 0 2664 2 

1641
1641 1625
0 0 0 0 
0 0 1 1 0 0 1 1 0 1 0 0 1 
2
1633 0 1640 2 

1642
1642 1622
0 0 0 0 
0 0 1 1 0 0 1 1 0 1 0 1 0 
2
1640 0 2666 2 

1685
1685 1685
0 0 0 0 
0 0 1 1 0 1 0 0 1 0 1 0 1 
2
1621 0 1701 2 

1686
1686 1686
0 0 0 0 
0 0 1 1 0 1 0 0 1 0 1 1 0 
2
1685 0 1702 2 

1689
1689 1689
0 0 0 0 
0 0 1 1 0 1 0 0 1 1 0 0 1 
2
1685 0 1705 2 

1690
1690 1690
0 0 0 0 
0 0 1 1 0 1 0 0 1 1 0 1 0 
2
1689 0 1706 2 

1696
1696 1685
0 0 0 0 
0 0 1 1 0 1 0 1 0 0 0 0 0 
2
1632 0 2720 2 

1697
1697 1685
0 0 0 0 
0 0 1 1 0 1 0 1 0 0 0 0 1 
2
1633 0 1696 2 

1701
1701 1685
0 0 0 0 
0 0 1 1 0 1 0 1 0 0 1 0 1 
2
1637 0 1697 2 

1702
1702 1686
0 0 0 0 
0 0 1 1 0 1 0 1 0 0 1 1 0 
2
1701 0 1706 2 

1704
1704 1686
0 0 0 0 
0 0 1 1 0 1 0 1 0 1 0 0 0 
2
1696 0 2728 2 

1705
1705 1689
0 0 0 0 
0 0 1 1 0 1 0 1 0 1 0 0 1 
2
1697 0 1704 2 

1706
1706 1686
0 0 0 0 
0 0 1 1 0 1 0 1 0 1 0 1 0 
2
1704 0 2730 2 

2048
2048 0
1 0 0 1 
0 1 0 0 0 0 0 0 0 0 0 0 0 
1
2560 0 

2112
2112 1366
0 0 0 1 
0 1 0 0 0 0 1 0 0 0 0 0 0 
2
64 0 2048 2 

2368
2368 1366
0 0 0 1 
0 1 0 0 1 0 1 0 0 0 0 0 0 
2
320 0 2112 2 

2369
2369 2369
0 0 0 1 
0 1 0 0 1 0 1 0 0 0 0 0 1 
2
1345 0 2368 2 

2373
2373 2373
0 0 0 0 
0 1 0 0 1 0 1 0 0 0 1 0 1 
2
1349 0 2369 2 

2389
2389 2389
0 0 0 0 
0 1 0 0 1 0 1 0 1 0 1 0 1 
2
1365 0 2373 2 

2390
2390 2390
0 0 0 0 
0 1 0 0 1 0 1 0 1 0 1 1 0 
2
2389 0 2406 2 

2393
2393 2393
0 0 0 0 
0 1 0 0 1 0 1 0 1 1 0 0 1 
2
2389 0 2409 2 

2394
2394 2394
0 0 0 0 
0 1 0 0 1 0 1 0 1 1 0 1 0 
2
2393 0 2410 2 

2400
2400 1366
0 0 0 0 
0 1 0 0 1 0 1 1 0 0 0 0 0 
2
2368 0 2656 2 

2401
2401 2390
0 0 0 0 
0 1 0 0 1 0 1 1 0 0 0 0 1 
2
2369 0 2400 2 

2405
2405 2390
0 0 0 0 
0 1 0 0 1 0 1 1 0 0 1 0 1 
2
2373 0 2401 2 

2406
2406 2390
0 0 0 0 
0 1 0 0 1 0 1 1 0 0 1 1 0 
2
2405 0 2410 2 

2408
2408 1366
0 0 0 0 
0 1 0 0 1 0 1 1 0 1 0 0 0 
2
2400 0 2664 2 

2409
2409 2393
0 0 0 0 
0 1 0 0 1 0 1 1 0 1 0 0 1 
2
2401 0 2408 2 

2410
2410 1366
0 0 0 0 
0 1 0 0 1 0 1 1 0 1 0 1 0 
2
2408 0 2666 2 

2453
2453 2453
0 0 0 0 
0 1 0 0 1 1 0 0 1 0 1 0 1 
2
2389 0 2469 2 

2454
2454 2454
0 0 0 0 
0 1 0 0 1 1 0 0 1 0 1 1 0 
2
2453 0 2470 2 

2457
2457 2457
0 0 0 0 
0 1 0 0 1 1 0 0 1 1 0 0 1 
2
2453 0 2473 2 

2458
2458 2458
0 0 0 0 
0 1 0 0 1 1 0 0 1 1 0 1 0 
2
2457 0 2474 2 

2464
2464 1429
0 0 0 0 
0 1 0 0 1 1 0 1 0 0 0 0 0 
2
2400 0 2720 2 

2465
2465 2453
0 0 0 0 
0 1 0 0 1 1 0 1 0 0 0 0 1 
2
2401 0 2464 2 

2469
2469 2453
0 0 0 0 
0 1 0 0 1 1 0 1 0 0 1 0 1 
2
2405 0 2465 2 

2470
2470 2454
0 0 0 0 
0 1 0 0 1 1 0 1 0 0 1 1 0 
2
2469 0 2474 2 

2472
2472 1430
0 0 0 0 
0 1 0 0 1 1 0 1 0 1 0 0 0 
2
2464 0 2728 2 

2473
2473 2457
0 0 0 0 
0 1 0 0 1 1 0 1 0 1 0 0 1 
2
2465 0 2472 2 

2474
2474 1430
0 0 0 0 
0 1 0 0 1 1 0 1 0 1 0 1 0 
2
2472 0 2730 2 

2560
2560 0
1 0 0 1 
0 1 0 1 0 0 0 0 0 0 0 0 0 
1
2592 0 

2592
2720 0
1 0 0 0 
0 1 0 1 0 0 0 1 0 0 0 0 0 
1
2720 0 

2624
2624 1366
0 0 0 1 
0 1 0 1 0 0 1 0 0 0 0 0 0 
2
2112 0 2560 2 

2625
2625 2625
0 0 0 1 
0 1 0 1 0 0 1 0 0 0 0 0 1 
2
2369 0 2624 2 

2629
2629 2629
0 0 0 0 
0 1 0 1 0 0 1 0 0 0 1 0 1 
2
2373 0 2625 2 

2645
2645 2645
0 0 0 0 
0 1 0 1 0 0 1 0 1 0 1 0 1 
2
2389 0 2629 2 

2646
2646 2646
0 0 0 0 
0 1 0 1 0 0 1 0 1 0 1 1 0 
2
2645 0 2662 2 

2649
2649 2649
0 0 0 0 
0 1 0 1 0 0 1 0 1 1 0 0 1 
2
2645 0 2665 2 

2650
2650 2650
0 0 0 0 
0 1 0 1 0 0 1 0 1 1 0 1 0 
2
2649 0 2666 2 

2656
2656 1366
0 0 0 0 
0 1 0 1 0 0 1 1 0 0 0 0 0 
2
2624 0 2592 2 

2657
2657 2646
0 0 0 0 
0 1 0 1 0 0 1 1 0 0 0 0 1 
2
2625 0 2656 2 

2661
2661 2646
0 0 0 0 
0 1 0 1 0 0 1 1 0 0 1 0 1 
2
2629 0 2657 2 

2662
2662 2646
0 0 0 0 
0 1 0 1 0 0 1 1 0 0 1 1 0 
2
2661 0 2666 2 

2664
2664 1366
0 0 0 0 
0 1 0 1 0 0 1 1 0 1 0 0 0 
2
2656 0 2728 2 

2665
2665 2649
0 0 0 0 
0 1 0 1 0 0 1 1 0 1 0 0 1 
2
2657 0 2664 2 

2666
2666 1366
0 0 0 0 
0 1 0 1 0 0 1 1 0 1 0 1 0 
2
2664 0 2730 2 

2709
2709 2709
0 0 0 0 
0 1 0 1 0 1 0 0 1 0 1 0 1 
2
2645 0 2725 2 

2710
2710 2710
0 0 0 0 
0 1 0 1 0 1 0 0 1 0 1 1 0 
2
2709 0 2726 2 

2713
2713 2713
0 0 0 0 
0 1 0 1 0 1 0 0 1 1 0 0 1 
2
2709 0 2729 2 

2714
2714 2714
0 0 0 0 
0 1 0 1 0 1 0 0 1 1 0 1 0 
2
2713 0 2730 2 

2720
2720 0
0 0 0 0 
0 1 0 1 0 1 0 1 0 0 0 0 0 
1
2592 0 

2721
2721 2709
0 0 0 0 
0 1 0 1 0 1 0 1 0 0 0 0 1 
2
2657 0 2720 2 

2725
2725 2709
0 0 0 0 
0 1 0 1 0 1 0 1 0 0 1 0 1 
2
2661 0 2721 2 

2726
2726 2710
0 0 0 0 
0 1 0 1 0 1 0 1 0 0 1 1 0 
2
2725 0 2730 2 

2728
2728 1366
0 0 0 0 
0 1 0 1 0 1 0 1 0 1 0 0 0 
1
2720 0 

2729
2729 2713
0 0 0 0 
0 1 0 1 0 1 0 1 0 1 0 0 1 
2
2721 0 2728 2 

2730
2730 1366
0 0 0 0 
0 1 0 1 0 1 0 1 0 1 0 1 0 
1
2728 0 

4096
4096 0
1 1 1 1 
1 0 0 0 0 0 0 0 0 0 0 0 0 
2
6144 0 4160 2 

4160
4160 0
0 1 1 1 
1 0 0 0 0 0 1 0 0 0 0 0 0 
1
4416 2 

4416
4160 0
0 0 0 1 
1 0 0 0 1 0 1 0 0 0 0 0 0 
2
320 1 4160 2 

5440
5440 5440
0 0 0 1 
1 0 1 0 1 0 1 0 0 0 0 0 0 
2
1344 1 4416 2 

5441
5441 5441
0 0 0 1 
1 0 1 0 1 0 1 0 0 0 0 0 1 
2
1345 1 5440 2 

5445
5445 5445
0 0 0 0 
1 0 1 0 1 0 1 0 0 0 1 0 1 
2
1349 1 5441 2 

5461
5461 5461
0 0 0 0 
1 0 1 0 1 0 1 0 1 0 1 0 1 
2
1365 1 5445 2 

5462
5462 5462
0 0 0 0 
1 0 1 0 1 0 1 0 1 0 1 1 0 
3
5461 0 1366 1 5478 2 

5465
5465 5465
0 0 0 0 
1 0 1 0 1 0 1 0 1 1 0 0 1 
3
5461 0 1369 1 5481 2 

5466
5466 5466
0 0 0 0 
1 0 1 0 1 0 1 0 1 1 0 1 0 
3
5465 0 1370 1 5482 2 

5472
5472 5462
0 0 0 0 
1 0 1 0 1 0 1 1 0 0 0 0 0 
3
5440 0 1376 1 6496 2 

5473
5473 5462
0 0 0 0 
1 0 1 0 1 0 1 1 0 0 0 0 1 
3
5441 0 1377 1 5472 2 

5477
5477 5462
0 0 0 0 
1 0 1 0 1 0 1 1 0 0 1 0 1 
3
5445 0 1381 1 5473 2 

5478
5478 5462
0 0 0 0 
1 0 1 0 1 0 1 1 0 0 1 1 0 
3
5477 0 1382 1 5482 2 

5480
5480 5462
0 0 0 0 
1 0 1 0 1 0 1 1 0 1 0 0 0 
3
5472 0 1384 1 6504 2 

5481
5481 5465
0 0 0 0 
1 0 1 0 1 0 1 1 0 1 0 0 1 
3
5473 0 1385 1 5480 2 

5482
5482 5462
0 0 0 0 
1 0 1 0 1 0 1 1 0 1 0 1 0 
3
5480 0 1386 1 6506 2 

5525
5525 5525
0 0 0 0 
1 0 1 0 1 1 0 0 1 0 1 0 1 
3
5461 0 1429 1 5541 2 

5526
5526 5526
0 0 0 0 
1 0 1 0 1 1 0 0 1 0 1 1 0 
3
5525 0 1430 1 5542 2 

5529
5529 5529
0 0 0 0 
1 0 1 0 1 1 0 0 1 1 0 0 1 
3
5525 0 1433 1 5545 2 

5530
5530 5530
0 0 0 0 
1 0 1 0 1 1 0 0 1 1 0 1 0 
3
5529 0 1434 1 5546 2 

5536
5536 5525
0 0 0 0 
1 0 1 0 1 1 0 1 0 0 0 0 0 
3
5472 0 1440 1 6560 2 

5537
5537 5525
0 0 0 0 
1 0 1 0 1 1 0 1 0 0 0 0 1 
3
5473 0 1441 1 5536 2 

5541
5541 5525
0 0 0 0 
1 0 1 0 1 1 0 1 0 0 1 0 1 
3
5477 0 1445 1 5537 2 

5542
5542 5526
0 0 0 0 
1 0 1 0 1 1 0 1 0 0 1 1 0 
3
5541 0 1446 1 5546 2 

5544
5544 5526
0 0 0 0 
1 0 1 0 1 1 0 1 0 1 0 0 0 
3
5536 0 1448 1 6568 2 

5545
5545 5529
0 0 0 0 
1 0 1 0 1 1 0 1 0 1 0 0 1 
3
5537 0 1449 1 5544 2 

5546
5546 5526
0 0 0 0 
1 0 1 0 1 1 0 1 0 1 0 1 0 
3
5544 0 1450 1 6570 2 

5696
5696 5696
0 0 0 1 
1 0 1 1 0 0 1 0 0 0 0 0 0 
3
5440 0 1600 1 6720 2 

5697
5697 5697
0 0 0 1 
1 0 1 1 0 0 1 0 0 0 0 0 1 
3
5441 0 1601 1 5696 2 

5701
5701 5701
0 0 0 0 
1 0 1 1 0 0 1 0 0 0 1 0 1 
3
5445 0 1605 1 5697 2 

5717
5717 5717
0 0 0 0 
1 0 1 1 0 0 1 0 1 0 1 0 1 
3
5461 0 1621 1 5701 2 

5718
5718 5718
0 0 0 0 
1 0 1 1 0 0 1 0 1 0 1 1 0 
3
5717 0 1622 1 5734 2 

5721
5721 5721
0 0 0 0 
1 0 1 1 0 0 1 0 1 1 0 0 1 
3
5717 0 1625 1 5737 2 

5722
5722 5722
0 0 0 0 
1 0 1 1 0 0 1 0 1 1 0 1 0 
3
5721 0 1626 1 5738 2 

5728
5728 5718
0 0 0 0 
1 0 1 1 0 0 1 1 0 0 0 0 0 
3
5696 0 1632 1 6752 2 

5729
5729 5718
0 0 0 0 
1 0 1 1 0 0 1 1 0 0 0 0 1 
3
5697 0 1633 1 5728 2 

5733
5733 5718
0 0 0 0 
1 0 1 1 0 0 1 1 0 0 1 0 1 
3
5701 0 1637 1 5729 2 

5734
5734 5718
0 0 0 0 
1 0 1 1 0 0 1 1 0 0 1 1 0 
3
5733 0 1638 1 5738 2 

5736
5736 5718
0 0 0 0 
1 0 1 1 0 0 1 1 0 1 0 0 0 
3
5728 0 1640 1 6760 2 

5737
5737 5721
0 0 0 0 
1 0 1 1 0 0 1 1 0 1 0 0 1 
3
5729 0 1641 1 5736 2 

5738
5738 5718
0 0 0 0 
1 0 1 1 0 0 1 1 0 1 0 1 0 
3
5736 0 1642 1 6762 2 

5781
5781 5781
0 0 0 0 
1 0 1 1 0 1 0 0 1 0 1 0 1 
3
5717 0 1685 1 5797 2 

5782
5782 5782
0 0 0 0 
1 0 1 1 0 1 0 0 1 0 1 1 0 
3
5781 0 1686 1 5798 2 

5785
5785 5785
0 0 0 0 
1 0 1 1 0 1 0 0 1 1 0 0 1 
3
5781 0 1689 1 5801 2 

5786
5786 5786
0 0 0 0 
1 0 1 1 0 1 0 0 1 1 0 1 0 
3
5785 0 1690 1 5802 2 

5792
5792 5781
0 0 0 0 
1 0 1 1 0 1 0 1 0 0 0 0 0 
3
5728 0 1696 1 6816 2 

5793
5793 5781
0 0 0 0 
1 0 1 1 0 1 0 1 0 0 0 0 1 
3
5729 0 1697 1 5792 2 

5797
5797 5781
0 0 0 0 
1 0 1 1 0 1 0 1 0 0 1 0 1 
3
5733 0 1701 1 5793 2 

5798
5798 5782
0 0 0 0 
1 0 1 1 0 1 0 1 0 0 1 1 0 
3
5797 0 1702 1 5802 2 

5800
5800 5782
0 0 0 0 
1 0 1 1 0 1 0 1 0 1 0 0 0 
3
5792 0 1704 1 6824 2 

5801
5801 5785
0 0 0 0 
1 0 1 1 0 1 0 1 0 1 0 0 1 
3
5793 0 1705 1 5800 2 

5802
5802 5782
0 0 0 0 
1 0 1 1 0 1 0 1 0 1 0 1 0 
3
5800 0 1706 1 6826 2 

6144
6144 0
1 0 0 1 
1 1 0 0 0 0 0 0 0 0 0 0 0 
2
6656 0 2048 1 

6208
6208 5462
0 0 0 1 
1 1 0 0 0 0 1 0 0 0 0 0 0 
3
4160 0 2112 1 6144 2 

6464
6464 5462
0 0 0 1 
1 1 0 0 1 0 1 0 0 0 0 0 0 
3
4416 0 2368 1 6208 2 

6465
6465 6465
0 0 0 1 
1 1 0 0 1 0 1 0 0 0 0 0 1 
3
5441 0 2369 1 6464 2 

6469
6469 6469
0 0 0 0 
1 1 0 0 1 0 1 0 0 0 1 0 1 
3
5445 0 2373 1 6465 2 

6485
6485 6485
0 0 0 0 
1 1 0 0 1 0 1 0 1 0 1 0 1 
3
5461 0 2389 1 6469 2 

6486
6486 6486
0 0 0 0 
1 1 0 0 1 0 1 0 1 0 1 1 0 
3
6485 0 2390 1 6502 2 

6489
6489 6489
0 0 0 0 
1 1 0 0 1 0 1 0 1 1 0 0 1 
3
6485 0 2393 1 6505 2 

6490
6490 6490
0 0 0 0 
1 1 0 0 1 0 1 0 1 1 0 1 0 
3
6489 0 2394 1 6506 2 

6496
6496 5462
0 0 0 0 
1 1 0 0 1 0 1 1 0 0 0 0 0 
3
6464 0 2400 1 6752 2 

6497
6497 6486
0 0 0 0 
1 1 0 0 1 0 1 1 0 0 0 0 1 
3
6465 0 2401 1 6496 2 

6501
6501 6486
0 0 0 0 
1 1 0 0 1 0 1 1 0 0 1 0 1 
3
6469 0 2405 1 6497 2 

6502
6502 6486
0 0 0 0 
1 1 0 0 1 0 1 1 0 0 1 1 0 
3
6501 0 2406 1 6506 2 

6504
6504 5462
0 0 0 0 
1 1 0 0 1 0 1 1 0 1 0 0 0 
3
6496 0 2408 1 6760 2 

6505
6505 6489
0 0 0 0 
1 1 0 0 1 0 1 1 0 1 0 0 1 
3
6497 0 2409 1 6504 2 

6506
6506 5462
0 0 0 0 
1 1 0 0 1 0 1 1 0 1 0 1 0 
3
6504 0 2410 1 6762 2 

6549
6549 6549
0 0 0 0 
1 1 0 0 1 1 0 0 1 0 1 0 1 
3
6485 0 2453 1 6565 2 

6550
6550 6550
0 0 0 0 
1 1 0 0 1 1 0 0 1 0 1 1 0 
3
6549 0 2454 1 6566 2 

6553
6553 6553
0 0 0 0 
1 1 0 0 1 1 0 0 1 1 0 0 1 
3
6549 0 2457 1 6569 2 

6554
6554 6554
0 0 0 0 
1 1 0 0 1 1 0 0 1 1 0 1 0 
3
6553 0 2458 1 6570 2 

6560
6560 5525
0 0 0 0 
1 1 0 0 1 1 0 1 0 0 0 0 0 
3
6496 0 2464 1 6816 2 

6561
6561 6549
0 0 0 0 
1 1 0 0 1 1 0 1 0 0 0 0 1 
3
6497 0 2465 1 6560 2 

6565
6565 6549
0 0 0 0 
1 1 0 0 1 1 0 1 0 0 1 0 1 
3
6501 0 2469 1 6561 2 

6566
6566 6550
0 0 0 0 
1 1 0 0 1 1 0 1 0 0 1 1 0 
3
6565 0 2470 1 6570 2 

6568
6568 5526
0 0 0 0 
1 1 0 0 1 1 0 1 0 1 0 0 0 
3
6560 0 2472 1 6824 2 

6569
6569 6553
0 0 0 0 
1 1 0 0 1 1 0 1 0 1 0 0 1 
3
6561 0 2473 1 6568 2 

6570
6570 5526
0 0 0 0 
1 1 0 0 1 1 0 1 0 1 0 1 0 
3
6568 0 2474 1 6826 2 

6656
6656 0
1 0 0 1 
1 1 0 1 0 0 0 0 0 0 0 0 0 
2
6688 0 2560 1 

6688
6688 0
1 0 0 0 
1 1 0 1 0 0 0 1 0 0 0 0 0 
2
6816 0 2592 1 

6720
6720 5462
0 0 0 1 
1 1 0 1 0 0 1 0 0 0 0 0 0 
3
6208 0 2624 1 6656 2 

6721
6721 6721
0 0 0 1 
1 1 0 1 0 0 1 0 0 0 0 0 1 
3
6465 0 2625 1 6720 2 

6725
6725 6725
0 0 0 0 
1 1 0 1 0 0 1 0 0 0 1 0 1 
3
6469 0 2629 1 6721 2 

6741
6741 6741
0 0 0 0 
1 1 0 1 0 0 1 0 1 0 1 0 1 
3
6485 0 2645 1 6725 2 

6742
6742 6742
0 0 0 0 
1 1 0 1 0 0 1 0 1 0 1 1 0 
3
6741 0 2646 1 6758 2 

6745
6745 6745
0 0 0 0 
1 1 0 1 0 0 1 0 1 1 0 0 1 
3
6741 0 2649 1 6761 2 

6746
6746 6746
0 0 0 0 
1 1 0 1 0 0 1 0 1 1 0 1 0 
3
6745 0 2650 1 6762 2 

6752
6752 5462
0 0 0 0 
1 1 0 1 0 0 1 1 0 0 0 0 0 
3
6720 0 2656 1 6688 2 

6753
6753 6742
0 0 0 0 
1 1 0 1 0 0 1 1 0 0 0 0 1 
3
6721 0 2657 1 6752 2 

6757
6757 6742
0 0 0 0 
1 1 0 1 0 0 1 1 0 0 1 0 1 
3
6725 0 2661 1 6753 2 

6758
6758 6742
0 0 0 0 
1 1 0 1 0 0 1 1 0 0 1 1 0 
3
6757 0 2662 1 6762 2 

6760
6760 5462
0 0 0 0 
1 1 0 1 0 0 1 1 0 1 0 0 0 
3
6752 0 2664 1 6824 2 

6761
6761 6745
0 0 0 0 
1 1 0 1 0 0 1 1 0 1 0 0 1 
3
6753 0 2665 1 6760 2 

6762
6762 5462
0 0 0 0 
1 1 0 1 0 0 1 1 0 1 0 1 0 
3
6760 0 2666 1 6826 2 

6805
6805 6805
0 0 0 0 
1 1 0 1 0 1 0 0 1 0 1 0 1 
3
6741 0 2709 1 6821 2 

6806
6806 6806
0 0 0 0 
1 1 0 1 0 1 0 0 1 0 1 1 0 
3
6805 0 2710 1 6822 2 

6809
6809 6809
0 0 0 0 
1 1 0 1 0 1 0 0 1 1 0 0 1 
3
6805 0 2713 1 6825 2 

6810
6810 6810
0 0 0 0 
1 1 0 1 0 1 0 0 1 1 0 1 0 
3
6809 0 2714 1 6826 2 

6816
6688 0
0 0 0 0 
1 1 0 1 0 1 0 1 0 0 0 0 0 
2
6688 0 2720 1 

6817
6817 6805
0 0 0 0 
1 1 0 1 0 1 0 1 0 0 0 0 1 
3
6753 0 2721 1 6816 2 

6821
6821 6805
0 0 0 0 
1 1 0 1 0 1 0 1 0 0 1 0 1 
3
6757 0 2725 1 6817 2 

6822
6822 6806
0 0 0 0 
1 1 0 1 0 1 0 1 0 0 1 1 0 
3
6821 0 2726 1 6826 2 

6824
6824 5462
0 0 0 0 
1 1 0 1 0 1 0 1 0 1 0 0 0 
2
6816 0 2728 1 

6825
6825 6809
0 0 0 0 
1 1 0 1 0 1 0 1 0 1 0 0 1 
3
6817 0 2729 1 6824 2 

6826
6826 5462
0 0 0 0 
1 1 0 1 0 1 0 1 0 1 0 1 0 
2
6824 0 2730 1 

