36
7 7 1 1 3 3 9 9 5 5 11 11 0 0 -1 -1 -1 -1 -1 -1 -1 -1 -1 -1 12 12 10 10 8 8 6 6 4 4 2 2 

4
cI cII cro N 
1 6
bcII_1{cII} bOR1{cI,cro} bOR2{cI,cro} bOR3{cI,cro} bOL1{cI,cro} bOL2{cI,cro} bOL3{cI,cro} 
1 0 2 0 2 0 2 0 2 0 2 0 2 

7 4 4 4 

5 6 1 2 3 4 0 
1 2 3 4 
1 2 3 4 
7 8 9 10 

0 1 1 1 1 1 1 1 1 1 1 1 1 1 1 1 1 1 1 1 1 1 1 1 1 1 1 1 1 1 1 1 0 0 0 0 0 0 0 0 0 0 0 0 0 0 0 0 0 0 0 0 0 0 0 0 0 0 0 0 0 0 0 0 0 0 0 0 0 0 0 0 0 0 0 0 0 0 0 0 0 0 0 0 0 0 0 0 0 0 0 0 0 0 0 0 0 0 0 0 0 0 0 0 0 0 0 0 0 0 0 0 0 0 0 0 0 0 0 0 0 0 0 0 0 0 0 0 
1 0 0 0 0 0 0 0 0 0 0 0 0 0 0 0 
1 0 0 0 0 0 0 0 0 0 0 0 0 0 0 0 
1 0 0 0 0 0 0 0 0 0 0 0 0 0 0 0 


47 178 8192
12
2585 2 0 2709 2 0 2725 2 0 2728 2 1 2729 2 0 4181 4 1 4197 4 0 6677 2 0 6681 2 0 6693 2 0 6696 2 0 6697 2 0 
2585 2713 
2581 2709 
2597 2725 
2600 2728 
2601 2729 
85 341 4181 4437 
101 357 4197 4453 
6677 6805 
6681 6809 
6693 6821 
6696 6824 
6697 6825 

0
0 0
0 1 1 1 
0 0 0 0 0 0 0 0 0 0 0 0 0 
2
4096 1 1 2 

1
1 0
0 1 1 1 
0 0 0 0 0 0 0 0 0 0 0 0 1 
2
4097 1 5 2 

5
5 0
0 1 1 0 
0 0 0 0 0 0 0 0 0 0 1 0 1 
2
4101 1 21 2 

21
21 0
0 1 1 0 
0 0 0 0 0 0 0 0 1 0 1 0 1 
2
4117 1 85 2 

32
32 32
0 1 1 0 
0 0 0 0 0 0 0 1 0 0 0 0 0 
3
0 0 4128 1 33 2 

33
33 32
0 1 1 0 
0 0 0 0 0 0 0 1 0 0 0 0 1 
3
1 0 4129 1 37 2 

37
37 32
0 1 1 0 
0 0 0 0 0 0 0 1 0 0 1 0 1 
3
5 0 4133 1 101 2 

85
4181 0
0 1 1 0 
0 0 0 0 0 0 1 0 1 0 1 0 1 
2
4181 1 341 2 

101
4197 0
0 1 1 0 
0 0 0 0 0 0 1 1 0 0 1 0 1 
3
85 0 4197 1 357 2 

341
4181 0
0 0 0 0 
0 0 0 0 1 0 1 0 1 0 1 0 1 
1
85 2 

357
4197 0
0 0 0 0 
0 0 0 0 1 0 1 1 0 0 1 0 1 
2
341 0 101 2 

1365
1365 1365
0 0 0 0 
0 0 1 0 1 0 1 0 1 0 1 0 1 
1
341 2 

1366
1366 1366
0 0 0 0 
0 0 1 0 1 0 1 0 1 0 1 1 0 
2
1365 0 2390 2 

1369
1369 1369
0 0 0 0 
0 0 1 0 1 0 1 0 1 1 0 0 1 
2
1365 0 2393 2 

1370
1370 1370
0 0 0 0 
0 0 1 0 1 0 1 0 1 1 0 1 0 
2
1369 0 2394 2 

1381
1381 1381
0 0 0 0 
0 0 1 0 1 0 1 1 0 0 1 0 1 
2
1365 0 357 2 

1382
1382 1382
0 0 0 0 
0 0 1 0 1 0 1 1 0 0 1 1 0 
2
1381 0 2406 2 

1385
1385 1385
0 0 0 0 
0 0 1 0 1 0 1 1 0 1 0 0 1 
2
1381 0 2409 2 

1386
1386 1386
0 0 0 0 
0 0 1 0 1 0 1 1 0 1 0 1 0 
2
1385 0 2410 2 

1429
1429 1429
0 0 0 0 
0 0 1 0 1 1 0 0 1 0 1 0 1 
2
1365 0 2453 2 

1430
1430 1430
0 0 0 0 
0 0 1 0 1 1 0 0 1 0 1 1 0 
2
1429 0 2454 2 

1433
1433 1433
0 0 0 0 
0 0 1 0 1 1 0 0 1 1 0 0 1 
2
1369 0 2457 2 

1434
1434 1434
0 0 0 0 
0 0 1 0 1 1 0 0 1 1 0 1 0 
2
1433 0 2458 2 

1445
1445 1445
0 0 0 0 
0 0 1 0 1 1 0 1 0 0 1 0 1 
2
1381 0 2469 2 

1446
1446 1446
0 0 0 0 
0 0 1 0 1 1 0 1 0 0 1 1 0 
2
1445 0 2470 2 

1449
1449 1449
0 0 0 0 
0 0 1 0 1 1 0 1 0 1 0 0 1 
2
1385 0 2473 2 

1450
1450 1450
0 0 0 0 
0 0 1 0 1 1 0 1 0 1 0 1 0 
2
1449 0 2474 2 

1621
1621 1621
0 0 0 0 
0 0 1 1 0 0 1 0 1 0 1 0 1 
2
1365 0 2645 2 

1622
1622 1622
0 0 0 0 
0 0 1 1 0 0 1 0 1 0 1 1 0 
2
1621 0 2646 2 

1625
1625 1625
0 0 0 0 
0 0 1 1 0 0 1 0 1 1 0 0 1 
2
1621 0 2649 2 

1626
1626 1626
0 0 0 0 
0 0 1 1 0 0 1 0 1 1 0 1 0 
2
1625 0 2650 2 

1637
1637 1637
0 0 0 0 
0 0 1 1 0 0 1 1 0 0 1 0 1 
2
1381 0 2661 2 

1638
1638 1638
0 0 0 0 
0 0 1 1 0 0 1 1 0 0 1 1 0 
2
1637 0 2662 2 

1641
1641 1641
0 0 0 0 
0 0 1 1 0 0 1 1 0 1 0 0 1 
2
1637 0 2665 2 

1642
1642 1642
0 0 0 0 
0 0 1 1 0 0 1 1 0 1 0 1 0 
2
1641 0 2666 2 

1685
1685 1685
0 0 0 0 
0 0 1 1 0 1 0 0 1 0 1 0 1 
2
1621 0 2709 2 

1686
1686 1686
0 0 0 0 
0 0 1 1 0 1 0 0 1 0 1 1 0 
2
1685 0 2710 2 

1689
1689 1689
0 0 0 0 
0 0 1 1 0 1 0 0 1 1 0 0 1 
2
1625 0 2713 2 

1690
1690 1690
0 0 0 0 
0 0 1 1 0 1 0 0 1 1 0 1 0 
2
1689 0 2714 2 

1701
1701 1701
0 0 0 0 
0 0 1 1 0 1 0 1 0 0 1 0 1 
2
1637 0 2725 2 

1702
1702 1702
0 0 0 0 
0 0 1 1 0 1 0 1 0 0 1 1 0 
2
1701 0 2726 2 

1705
1705 1705
0 0 0 0 
0 0 1 1 0 1 0 1 0 1 0 0 1 
2
1641 0 2729 2 

1706
1706 1706
0 0 0 0 
0 0 1 1 0 1 0 1 0 1 0 1 0 
2
1705 0 2730 2 

2069
2069 0
1 0 0 0 
0 1 0 0 0 0 0 0 1 0 1 0 1 
2
2581 0 2085 2 

2080
2080 0
1 0 0 0 
0 1 0 0 0 0 0 1 0 0 0 0 0 
1
2592 0 

2081
2081 0
1 0 0 0 
0 1 0 0 0 0 0 1 0 0 0 0 1 
2
2593 0 2080 2 

2085
2085 0
1 0 0 0 
0 1 0 0 0 0 0 1 0 0 1 0 1 
2
2597 0 2081 2 

2133
2133 1366
0 0 0 0 
0 1 0 0 0 0 1 0 1 0 1 0 1 
2
85 0 2069 2 

2149
2149 1382
0 0 0 0 
0 1 0 0 0 0 1 1 0 0 1 0 1 
2
101 0 2085 2 

2389
2389 1366
0 0 0 0 
0 1 0 0 1 0 1 0 1 0 1 0 1 
2
341 0 2133 2 

2390
2390 1366
0 0 0 0 
0 1 0 0 1 0 1 0 1 0 1 1 0 
2
2389 0 2646 2 

2393
2393 1369
0 0 0 0 
0 1 0 0 1 0 1 0 1 1 0 0 1 
2
2389 0 2649 2 

2394
2394 1370
0 0 0 0 
0 1 0 0 1 0 1 0 1 1 0 1 0 
2
2393 0 2650 2 

2405
2405 1382
0 0 0 0 
0 1 0 0 1 0 1 1 0 0 1 0 1 
2
357 0 2149 2 

2406
2406 1382
0 0 0 0 
0 1 0 0 1 0 1 1 0 0 1 1 0 
2
2405 0 2662 2 

2409
2409 1385
0 0 0 0 
0 1 0 0 1 0 1 1 0 1 0 0 1 
2
2405 0 2665 2 

2410
2410 1386
0 0 0 0 
0 1 0 0 1 0 1 1 0 1 0 1 0 
2
2409 0 2666 2 

2453
2453 1429
0 0 0 0 
0 1 0 0 1 1 0 0 1 0 1 0 1 
2
2389 0 2709 2 

2454
2454 1430
0 0 0 0 
0 1 0 0 1 1 0 0 1 0 1 1 0 
2
2453 0 2710 2 

2457
2457 1433
0 0 0 0 
0 1 0 0 1 1 0 0 1 1 0 0 1 
2
2393 0 2713 2 

2458
2458 1434
0 0 0 0 
0 1 0 0 1 1 0 0 1 1 0 1 0 
2
2457 0 2714 2 

2469
2469 1445
0 0 0 0 
0 1 0 0 1 1 0 1 0 0 1 0 1 
2
2405 0 2725 2 

2470
2470 1446
0 0 0 0 
0 1 0 0 1 1 0 1 0 0 1 1 0 
2
2469 0 2726 2 

2473
2473 1449
0 0 0 0 
0 1 0 0 1 1 0 1 0 1 0 0 1 
2
2409 0 2729 2 

2474
2474 1450
0 0 0 0 
0 1 0 0 1 1 0 1 0 1 0 1 0 
2
2473 0 2730 2 

2581
2709 0
1 0 0 0 
0 1 0 1 0 0 0 0 1 0 1 0 1 
2
2709 0 2597 2 

2585
2585 1369
1 0 0 0 
0 1 0 1 0 0 0 0 1 1 0 0 1 
2
2713 0 2601 2 

2592
2592 0
1 0 0 0 
0 1 0 1 0 0 0 1 0 0 0 0 0 
1
2600 0 

2593
2593 0
1 0 0 0 
0 1 0 1 0 0 0 1 0 0 0 0 1 
2
2601 0 2592 2 

2597
2725 0
1 0 0 0 
0 1 0 1 0 0 0 1 0 0 1 0 1 
2
2725 0 2593 2 

2600
2728 0
1 0 0 0 
0 1 0 1 0 0 0 1 0 1 0 0 0 
1
2728 0 

2601
2729 0
1 0 0 0 
0 1 0 1 0 0 0 1 0 1 0 0 1 
2
2729 0 2600 2 

2645
2645 1366
0 0 0 0 
0 1 0 1 0 0 1 0 1 0 1 0 1 
2
2133 0 2581 2 

2646
2646 1366
0 0 0 0 
0 1 0 1 0 0 1 0 1 0 1 1 0 
2
2645 0 2710 2 

2649
2649 1369
0 0 0 0 
0 1 0 1 0 0 1 0 1 1 0 0 1 
2
2645 0 2585 2 

2650
2650 1370
0 0 0 0 
0 1 0 1 0 0 1 0 1 1 0 1 0 
2
2649 0 2714 2 

2661
2661 1382
0 0 0 0 
0 1 0 1 0 0 1 1 0 0 1 0 1 
2
2149 0 2597 2 

2662
2662 1382
0 0 0 0 
0 1 0 1 0 0 1 1 0 0 1 1 0 
2
2661 0 2726 2 

2665
2665 1385
0 0 0 0 
0 1 0 1 0 0 1 1 0 1 0 0 1 
2
2661 0 2601 2 

2666
2666 1386
0 0 0 0 
0 1 0 1 0 0 1 1 0 1 0 1 0 
2
2665 0 2730 2 

2709
2709 0
0 0 0 0 
0 1 0 1 0 1 0 0 1 0 1 0 1 
2
2581 0 2725 2 

2710
2710 1366
0 0 0 0 
0 1 0 1 0 1 0 0 1 0 1 1 0 
2
2709 0 2726 2 

2713
2585 1369
0 0 0 0 
0 1 0 1 0 1 0 0 1 1 0 0 1 
2
2585 0 2729 2 

2714
2714 1370
0 0 0 0 
0 1 0 1 0 1 0 0 1 1 0 1 0 
2
2713 0 2730 2 

2725
2725 0
0 0 0 0 
0 1 0 1 0 1 0 1 0 0 1 0 1 
2
2597 0 2729 2 

2726
2726 1366
0 0 0 0 
0 1 0 1 0 1 0 1 0 0 1 1 0 
2
2725 0 2730 2 

2728
2728 0
0 0 0 0 
0 1 0 1 0 1 0 1 0 1 0 0 0 
1
2600 0 

2729
2729 0
0 0 0 0 
0 1 0 1 0 1 0 1 0 1 0 0 1 
2
2601 0 2728 2 

2730
2730 1366
0 0 0 0 
0 1 0 1 0 1 0 1 0 1 0 1 0 
1
2728 0 

4096
4096 0
1 1 1 1 
1 0 0 0 0 0 0 0 0 0 0 0 0 
2
4128 0 4097 2 

4097
4097 0
1 1 1 1 
1 0 0 0 0 0 0 0 0 0 0 0 1 
2
4129 0 4101 2 

4101
4101 0
1 1 1 0 
1 0 0 0 0 0 0 0 0 0 1 0 1 
2
4133 0 4117 2 

4117
4117 0
1 1 1 0 
1 0 0 0 0 0 0 0 1 0 1 0 1 
2
6165 0 4181 2 

4128
4128 0
1 1 1 0 
1 0 0 0 0 0 0 1 0 0 0 0 0 
2
6176 0 4129 2 

4129
4129 0
1 1 1 0 
1 0 0 0 0 0 0 1 0 0 0 0 1 
2
6177 0 4133 2 

4133
4133 0
1 1 1 0 
1 0 0 0 0 0 0 1 0 0 1 0 1 
2
6181 0 4197 2 

4181
4181 0
0 1 1 0 
1 0 0 0 0 0 1 0 1 0 1 0 1 
1
4437 2 

4197
4197 0
0 1 1 0 
1 0 0 0 0 0 1 1 0 0 1 0 1 
2
4181 0 4453 2 

4437
4181 0
0 0 0 0 
1 0 0 0 1 0 1 0 1 0 1 0 1 
2
341 1 4181 2 

4453
4197 0
0 0 0 0 
1 0 0 0 1 0 1 1 0 0 1 0 1 
3
4437 0 357 1 4197 2 

5461
5461 5461
0 0 0 0 
1 0 1 0 1 0 1 0 1 0 1 0 1 
2
1365 1 4437 2 

5462
5462 5462
0 0 0 0 
1 0 1 0 1 0 1 0 1 0 1 1 0 
3
5461 0 1366 1 6486 2 

5465
5465 5465
0 0 0 0 
1 0 1 0 1 0 1 0 1 1 0 0 1 
3
5461 0 1369 1 6489 2 

5466
5466 5466
0 0 0 0 
1 0 1 0 1 0 1 0 1 1 0 1 0 
3
5465 0 1370 1 6490 2 

5477
5477 5477
0 0 0 0 
1 0 1 0 1 0 1 1 0 0 1 0 1 
3
5461 0 1381 1 4453 2 

5478
5478 5478
0 0 0 0 
1 0 1 0 1 0 1 1 0 0 1 1 0 
3
5477 0 1382 1 6502 2 

5481
5481 5481
0 0 0 0 
1 0 1 0 1 0 1 1 0 1 0 0 1 
3
5477 0 1385 1 6505 2 

5482
5482 5482
0 0 0 0 
1 0 1 0 1 0 1 1 0 1 0 1 0 
3
5481 0 1386 1 6506 2 

5525
5525 5525
0 0 0 0 
1 0 1 0 1 1 0 0 1 0 1 0 1 
3
5461 0 1429 1 6549 2 

5526
5526 5526
0 0 0 0 
1 0 1 0 1 1 0 0 1 0 1 1 0 
3
5525 0 1430 1 6550 2 

5529
5529 5529
0 0 0 0 
1 0 1 0 1 1 0 0 1 1 0 0 1 
3
5465 0 1433 1 6553 2 

5530
5530 5530
0 0 0 0 
1 0 1 0 1 1 0 0 1 1 0 1 0 
3
5529 0 1434 1 6554 2 

5541
5541 5541
0 0 0 0 
1 0 1 0 1 1 0 1 0 0 1 0 1 
3
5477 0 1445 1 6565 2 

5542
5542 5542
0 0 0 0 
1 0 1 0 1 1 0 1 0 0 1 1 0 
3
5541 0 1446 1 6566 2 

5545
5545 5545
0 0 0 0 
1 0 1 0 1 1 0 1 0 1 0 0 1 
3
5481 0 1449 1 6569 2 

5546
5546 5546
0 0 0 0 
1 0 1 0 1 1 0 1 0 1 0 1 0 
3
5545 0 1450 1 6570 2 

5717
5717 5717
0 0 0 0 
1 0 1 1 0 0 1 0 1 0 1 0 1 
3
5461 0 1621 1 6741 2 

5718
5718 5718
0 0 0 0 
1 0 1 1 0 0 1 0 1 0 1 1 0 
3
5717 0 1622 1 6742 2 

5721
5721 5721
0 0 0 0 
1 0 1 1 0 0 1 0 1 1 0 0 1 
3
5717 0 1625 1 6745 2 

5722
5722 5722
0 0 0 0 
1 0 1 1 0 0 1 0 1 1 0 1 0 
3
5721 0 1626 1 6746 2 

5733
5733 5733
0 0 0 0 
1 0 1 1 0 0 1 1 0 0 1 0 1 
3
5477 0 1637 1 6757 2 

5734
5734 5734
0 0 0 0 
1 0 1 1 0 0 1 1 0 0 1 1 0 
3
5733 0 1638 1 6758 2 

5737
5737 5737
0 0 0 0 
1 0 1 1 0 0 1 1 0 1 0 0 1 
3
5733 0 1641 1 6761 2 

5738
5738 5738
0 0 0 0 
1 0 1 1 0 0 1 1 0 1 0 1 0 
3
5737 0 1642 1 6762 2 

5781
5781 5781
0 0 0 0 
1 0 1 1 0 1 0 0 1 0 1 0 1 
3
5717 0 1685 1 6805 2 

5782
5782 5782
0 0 0 0 
1 0 1 1 0 1 0 0 1 0 1 1 0 
3
5781 0 1686 1 6806 2 

5785
5785 5785
0 0 0 0 
1 0 1 1 0 1 0 0 1 1 0 0 1 
3
5721 0 1689 1 6809 2 

5786
5786 5786
0 0 0 0 
1 0 1 1 0 1 0 0 1 1 0 1 0 
3
5785 0 1690 1 6810 2 

5797
5797 5797
0 0 0 0 
1 0 1 1 0 1 0 1 0 0 1 0 1 
3
5733 0 1701 1 6821 2 

5798
5798 5798
0 0 0 0 
1 0 1 1 0 1 0 1 0 0 1 1 0 
3
5797 0 1702 1 6822 2 

5801
5801 5801
0 0 0 0 
1 0 1 1 0 1 0 1 0 1 0 0 1 
3
5737 0 1705 1 6825 2 

5802
5802 5802
0 0 0 0 
1 0 1 1 0 1 0 1 0 1 0 1 0 
3
5801 0 1706 1 6826 2 

6165
6165 0
1 0 0 0 
1 1 0 0 0 0 0 0 1 0 1 0 1 
3
6677 0 2069 1 6181 2 

6176
6176 0
1 0 0 0 
1 1 0 0 0 0 0 1 0 0 0 0 0 
2
6688 0 2080 1 

6177
6177 0
1 0 0 0 
1 1 0 0 0 0 0 1 0 0 0 0 1 
3
6689 0 2081 1 6176 2 

6181
6181 0
1 0 0 0 
1 1 0 0 0 0 0 1 0 0 1 0 1 
3
6693 0 2085 1 6177 2 

6229
6229 5462
0 0 0 0 
1 1 0 0 0 0 1 0 1 0 1 0 1 
3
4181 0 2133 1 6165 2 

6245
6245 5478
0 0 0 0 
1 1 0 0 0 0 1 1 0 0 1 0 1 
3
4197 0 2149 1 6181 2 

6485
6485 5462
0 0 0 0 
1 1 0 0 1 0 1 0 1 0 1 0 1 
3
4437 0 2389 1 6229 2 

6486
6486 5462
0 0 0 0 
1 1 0 0 1 0 1 0 1 0 1 1 0 
3
6485 0 2390 1 6742 2 

6489
6489 5465
0 0 0 0 
1 1 0 0 1 0 1 0 1 1 0 0 1 
3
6485 0 2393 1 6745 2 

6490
6490 5466
0 0 0 0 
1 1 0 0 1 0 1 0 1 1 0 1 0 
3
6489 0 2394 1 6746 2 

6501
6501 5478
0 0 0 0 
1 1 0 0 1 0 1 1 0 0 1 0 1 
3
4453 0 2405 1 6245 2 

6502
6502 5478
0 0 0 0 
1 1 0 0 1 0 1 1 0 0 1 1 0 
3
6501 0 2406 1 6758 2 

6505
6505 5481
0 0 0 0 
1 1 0 0 1 0 1 1 0 1 0 0 1 
3
6501 0 2409 1 6761 2 

6506
6506 5482
0 0 0 0 
1 1 0 0 1 0 1 1 0 1 0 1 0 
3
6505 0 2410 1 6762 2 

6549
6549 5525
0 0 0 0 
1 1 0 0 1 1 0 0 1 0 1 0 1 
3
6485 0 2453 1 6805 2 

6550
6550 5526
0 0 0 0 
1 1 0 0 1 1 0 0 1 0 1 1 0 
3
6549 0 2454 1 6806 2 

6553
6553 5529
0 0 0 0 
1 1 0 0 1 1 0 0 1 1 0 0 1 
3
6489 0 2457 1 6809 2 

6554
6554 5530
0 0 0 0 
1 1 0 0 1 1 0 0 1 1 0 1 0 
3
6553 0 2458 1 6810 2 

6565
6565 5541
0 0 0 0 
1 1 0 0 1 1 0 1 0 0 1 0 1 
3
6501 0 2469 1 6821 2 

6566
6566 5542
0 0 0 0 
1 1 0 0 1 1 0 1 0 0 1 1 0 
3
6565 0 2470 1 6822 2 

6569
6569 5545
0 0 0 0 
1 1 0 0 1 1 0 1 0 1 0 0 1 
3
6505 0 2473 1 6825 2 

6570
6570 5546
0 0 0 0 
1 1 0 0 1 1 0 1 0 1 0 1 0 
3
6569 0 2474 1 6826 2 

6677
6677 0
1 0 0 0 
1 1 0 1 0 0 0 0 1 0 1 0 1 
3
6805 0 2581 1 6693 2 

6681
6681 5465
1 0 0 0 
1 1 0 1 0 0 0 0 1 1 0 0 1 
3
6809 0 2585 1 6697 2 

6688
6688 0
1 0 0 0 
1 1 0 1 0 0 0 1 0 0 0 0 0 
2
6696 0 2592 1 

6689
6689 0
1 0 0 0 
1 1 0 1 0 0 0 1 0 0 0 0 1 
3
6697 0 2593 1 6688 2 

6693
6693 0
1 0 0 0 
1 1 0 1 0 0 0 1 0 0 1 0 1 
3
6821 0 2597 1 6689 2 

6696
6696 0
1 0 0 0 
1 1 0 1 0 0 0 1 0 1 0 0 0 
2
6824 0 2600 1 

6697
6697 0
1 0 0 0 
1 1 0 1 0 0 0 1 0 1 0 0 1 
3
6825 0 2601 1 6696 2 

6741
6741 5462
0 0 0 0 
1 1 0 1 0 0 1 0 1 0 1 0 1 
3
6229 0 2645 1 6677 2 

6742
6742 5462
0 0 0 0 
1 1 0 1 0 0 1 0 1 0 1 1 0 
3
6741 0 2646 1 6806 2 

6745
6745 5465
0 0 0 0 
1 1 0 1 0 0 1 0 1 1 0 0 1 
3
6741 0 2649 1 6681 2 

6746
6746 5466
0 0 0 0 
1 1 0 1 0 0 1 0 1 1 0 1 0 
3
6745 0 2650 1 6810 2 

6757
6757 5478
0 0 0 0 
1 1 0 1 0 0 1 1 0 0 1 0 1 
3
6245 0 2661 1 6693 2 

6758
6758 5478
0 0 0 0 
1 1 0 1 0 0 1 1 0 0 1 1 0 
3
6757 0 2662 1 6822 2 

6761
6761 5481
0 0 0 0 
1 1 0 1 0 0 1 1 0 1 0 0 1 
3
6757 0 2665 1 6697 2 

6762
6762 5482
0 0 0 0 
1 1 0 1 0 0 1 1 0 1 0 1 0 
3
6761 0 2666 1 6826 2 

6805
6677 0
0 0 0 0 
1 1 0 1 0 1 0 0 1 0 1 0 1 
3
6677 0 2709 1 6821 2 

6806
6806 5462
0 0 0 0 
1 1 0 1 0 1 0 0 1 0 1 1 0 
3
6805 0 2710 1 6822 2 

6809
6681 5465
0 0 0 0 
1 1 0 1 0 1 0 0 1 1 0 0 1 
3
6681 0 2713 1 6825 2 

6810
6810 5466
0 0 0 0 
1 1 0 1 0 1 0 0 1 1 0 1 0 
3
6809 0 2714 1 6826 2 

6821
6693 0
0 0 0 0 
1 1 0 1 0 1 0 1 0 0 1 0 1 
3
6693 0 2725 1 6825 2 

6822
6822 5462
0 0 0 0 
1 1 0 1 0 1 0 1 0 0 1 1 0 
3
6821 0 2726 1 6826 2 

6824
6696 0
0 0 0 0 
1 1 0 1 0 1 0 1 0 1 0 0 0 
2
6696 0 2728 1 

6825
6697 0
0 0 0 0 
1 1 0 1 0 1 0 1 0 1 0 0 1 
3
6697 0 2729 1 6824 2 

6826
6826 5462
0 0 0 0 
1 1 0 1 0 1 0 1 0 1 0 1 0 
2
6824 0 2730 1 

