12
0 0 1 1 -1 -1 4 4 3 3 2 2 

3
ner c A 
5 0
bNr{ner} bNL{ner} bO1{c} bO2{c} bO3{c} 
0 0 1 1 1 

2 2 5 

0 3 
1 4 
0 1 2 3 4 

1 0 0 0 
1 0 0 0 
0 1 0 0 0 0 0 0 1 1 0 0 0 0 0 0 0 0 0 0 0 0 0 0 0 0 0 0 0 0 0 0 


4 12 32
1
0 4 1 
0 1 16 17 

0
0 0
1 1 0 
0 0 0 0 0 
2
16 0 1 1 

1
0 0
1 0 1 
0 0 0 0 1 
2
17 0 0 1 

3
3 3
0 0 0 
0 0 0 1 1 
1
1 1 

7
7 7
0 0 0 
0 0 1 1 1 
1
3 1 

16
0 0
0 1 0 
1 0 0 0 0 
2
0 0 17 1 

17
0 0
0 0 0 
1 0 0 0 1 
2
1 0 16 1 

19
19 19
0 0 0 
1 0 0 1 1 
2
3 0 17 1 

23
23 23
0 0 0 
1 0 1 1 1 
2
7 0 19 1 

24
24 24
0 0 0 
1 1 0 0 0 
1
16 0 

25
25 25
0 0 0 
1 1 0 0 1 
2
17 0 24 1 

27
27 27
0 0 0 
1 1 0 1 1 
2
19 0 25 1 

31
31 31
0 0 0 
1 1 1 1 1 
2
23 0 27 1 

