12
0 0 0 0 -1 -1 4 4 2 2 3 3 

3
ner c A 
5 0
bNr{ner} bNL{ner} bO1{c} bO2{c} bO3{c} 
0 0 1 1 1 

2 2 5 

0 3 
1 4 
0 1 2 3 4 

1 0 0 0 
1 0 0 0 
0 1 0 0 0 0 0 0 1 1 0 0 0 0 0 0 0 0 0 0 0 0 0 0 0 0 0 0 0 0 0 0 


4 16 32
5
0 4 1 5 2 0 8 2 1 9 2 0 13 2 0 
0 1 16 17 
5 21 
8 24 
9 25 
13 29 

0
0 0
1 1 0 
0 0 0 0 0 
2
16 0 1 1 

1
0 0
1 0 1 
0 0 0 0 1 
2
17 0 0 1 

5
5 5
1 0 0 
0 0 1 0 1 
2
21 0 1 1 

7
7 7
0 0 0 
0 0 1 1 1 
1
5 1 

8
8 8
1 0 1 
0 1 0 0 0 
1
24 0 

9
9 9
1 0 1 
0 1 0 0 1 
2
25 0 8 1 

13
13 13
1 0 0 
0 1 1 0 1 
2
29 0 9 1 

15
15 15
0 0 0 
0 1 1 1 1 
1
13 1 

16
0 0
0 1 0 
1 0 0 0 0 
2
0 0 17 1 

17
0 0
0 0 0 
1 0 0 0 1 
2
1 0 16 1 

21
5 5
0 0 0 
1 0 1 0 1 
2
5 0 17 1 

23
23 23
0 0 0 
1 0 1 1 1 
2
7 0 21 1 

24
8 8
0 0 0 
1 1 0 0 0 
1
8 0 

25
9 9
0 0 0 
1 1 0 0 1 
2
9 0 24 1 

29
13 13
0 0 0 
1 1 1 0 1 
2
13 0 25 1 

31
31 31
0 0 0 
1 1 1 1 1 
2
15 0 29 1 

