12
0 0 0 0 -1 -1 2 2 4 4 3 3 

3
ner c A 
5 0
bNr{ner} bNL{ner} bO1{c} bO2{c} bO3{c} 
0 0 1 1 1 

2 2 5 

0 3 
1 4 
0 1 2 3 4 

1 0 0 0 
1 0 0 0 
0 1 0 0 0 0 0 0 1 1 0 0 0 0 0 0 0 0 0 0 0 0 0 0 0 0 0 0 0 0 0 0 


6 16 32
5
0 2 0 8 2 1 12 2 0 13 2 0 20 4 1 
0 16 
8 24 
12 28 
13 29 
4 5 20 21 

0
0 0
1 1 0 
0 0 0 0 0 
2
16 0 4 1 

4
20 0
1 1 0 
0 0 1 0 0 
2
20 0 5 1 

5
20 0
1 0 0 
0 0 1 0 1 
2
21 0 4 1 

7
7 7
0 0 0 
0 0 1 1 1 
1
5 1 

8
8 8
1 0 1 
0 1 0 0 0 
1
24 0 

12
12 12
1 0 0 
0 1 1 0 0 
2
28 0 8 1 

13
13 13
1 0 0 
0 1 1 0 1 
2
29 0 12 1 

15
15 15
0 0 0 
0 1 1 1 1 
1
13 1 

16
0 0
0 1 0 
1 0 0 0 0 
2
0 0 20 1 

20
20 0
0 1 0 
1 0 1 0 0 
2
4 0 21 1 

21
20 0
0 0 0 
1 0 1 0 1 
2
5 0 20 1 

23
23 23
0 0 0 
1 0 1 1 1 
2
7 0 21 1 

24
8 8
0 0 0 
1 1 0 0 0 
1
8 0 

28
12 12
0 0 0 
1 1 1 0 0 
2
12 0 24 1 

29
13 13
0 0 0 
1 1 1 0 1 
2
13 0 28 1 

31
31 31
0 0 0 
1 1 1 1 1 
2
15 0 29 1 

