12
0 0 1 1 -1 -1 3 3 4 4 2 2 

3
ner c A 
5 0
bNr{ner} bNL{ner} bO1{c} bO2{c} bO3{c} 
0 0 1 1 1 

2 2 5 

0 3 
1 4 
0 1 2 3 4 

1 0 0 0 
1 0 0 0 
0 1 0 0 0 0 0 0 1 1 0 0 0 0 0 0 0 0 0 0 0 0 0 0 0 0 0 0 0 0 0 0 


6 12 32
3
0 2 0 2 2 1 18 2 0 
0 16 
2 3 
18 19 

0
0 0
1 1 0 
0 0 0 0 0 
2
16 0 2 1 

2
2 0
0 1 0 
0 0 0 1 0 
1
3 1 

3
2 0
0 0 0 
0 0 0 1 1 
1
2 1 

7
7 7
0 0 0 
0 0 1 1 1 
1
3 1 

16
0 0
0 1 0 
1 0 0 0 0 
2
0 0 18 1 

18
18 0
0 1 0 
1 0 0 1 0 
2
2 0 19 1 

19
18 0
0 0 0 
1 0 0 1 1 
2
3 0 18 1 

23
23 23
0 0 0 
1 0 1 1 1 
2
7 0 19 1 

24
24 24
0 0 0 
1 1 0 0 0 
1
16 0 

26
26 26
0 0 0 
1 1 0 1 0 
2
18 0 24 1 

27
27 27
0 0 0 
1 1 0 1 1 
2
19 0 26 1 

31
31 31
0 0 0 
1 1 1 1 1 
2
23 0 27 1 

