12
0 0 1 1 -1 -1 2 2 4 4 3 3 

3
ner c A 
5 0
bNr{ner} bNL{ner} bO1{c} bO2{c} bO3{c} 
0 0 1 1 1 

2 2 5 

0 3 
1 4 
0 1 2 3 4 

1 0 0 0 
1 0 0 0 
0 1 0 0 0 0 0 0 1 1 0 0 0 0 0 0 0 0 0 0 0 0 0 0 0 0 0 0 0 0 0 0 


6 12 32
2
0 2 0 20 4 1 
0 16 
4 5 20 21 

0
0 0
1 1 0 
0 0 0 0 0 
2
16 0 4 1 

4
20 0
1 1 0 
0 0 1 0 0 
2
20 0 5 1 

5
20 0
1 0 0 
0 0 1 0 1 
2
21 0 4 1 

7
7 7
0 0 0 
0 0 1 1 1 
1
5 1 

16
0 0
0 1 0 
1 0 0 0 0 
2
0 0 20 1 

20
20 0
0 1 0 
1 0 1 0 0 
2
4 0 21 1 

21
20 0
0 0 0 
1 0 1 0 1 
2
5 0 20 1 

23
23 23
0 0 0 
1 0 1 1 1 
2
7 0 21 1 

24
24 24
0 0 0 
1 1 0 0 0 
1
16 0 

28
28 28
0 0 0 
1 1 1 0 0 
2
20 0 24 1 

29
29 29
0 0 0 
1 1 1 0 1 
2
21 0 28 1 

31
31 31
0 0 0 
1 1 1 1 1 
2
23 0 29 1 

