12
0 0 1 1 -1 -1 2 2 3 3 4 4 

3
ner c A 
5 0
bNr{ner} bNL{ner} bO1{c} bO2{c} bO3{c} 
0 0 1 1 1 

2 2 5 

0 3 
1 4 
0 1 2 3 4 

1 0 0 0 
1 0 0 0 
0 1 0 0 0 0 0 0 1 1 0 0 0 0 0 0 0 0 0 0 0 0 0 0 0 0 0 0 0 0 0 0 


8 12 32
4
0 2 0 6 2 1 20 2 0 22 2 0 
0 16 
6 7 
4 20 
22 23 

0
0 0
1 1 0 
0 0 0 0 0 
2
16 0 4 1 

4
20 0
1 1 0 
0 0 1 0 0 
2
20 0 6 1 

6
6 0
0 1 0 
0 0 1 1 0 
1
7 1 

7
6 0
0 0 0 
0 0 1 1 1 
1
6 1 

16
0 0
0 1 0 
1 0 0 0 0 
2
0 0 20 1 

20
20 0
0 1 0 
1 0 1 0 0 
2
4 0 22 1 

22
22 0
0 1 0 
1 0 1 1 0 
2
6 0 23 1 

23
22 0
0 0 0 
1 0 1 1 1 
2
7 0 22 1 

24
24 24
0 0 0 
1 1 0 0 0 
1
16 0 

28
28 28
0 0 0 
1 1 1 0 0 
2
20 0 24 1 

30
30 30
0 0 0 
1 1 1 1 0 
2
22 0 28 1 

31
31 31
0 0 0 
1 1 1 1 1 
2
23 0 30 1 

