12
0 0 0 0 -1 -1 3 3 4 4 2 2 

3
ner c A 
5 0
bNr{ner} bNL{ner} bO1{c} bO2{c} bO3{c} 
0 0 1 1 1 

2 2 5 

0 3 
1 4 
0 1 2 3 4 

1 0 0 0 
1 0 0 0 
0 1 0 0 0 0 0 0 1 1 0 0 0 0 0 0 0 0 0 0 0 0 0 0 0 0 0 0 0 0 0 0 


6 16 32
4
0 2 0 2 2 1 8 2 1 18 2 0 
0 16 
2 3 
8 24 
18 19 

0
0 0
1 1 0 
0 0 0 0 0 
2
16 0 2 1 

2
2 0
0 1 0 
0 0 0 1 0 
1
3 1 

3
2 0
0 0 0 
0 0 0 1 1 
1
2 1 

7
7 7
0 0 0 
0 0 1 1 1 
1
3 1 

8
8 8
1 0 1 
0 1 0 0 0 
1
24 0 

10
10 10
0 0 0 
0 1 0 1 0 
1
8 1 

11
11 11
0 0 0 
0 1 0 1 1 
1
10 1 

15
15 15
0 0 0 
0 1 1 1 1 
1
11 1 

16
0 0
0 1 0 
1 0 0 0 0 
2
0 0 18 1 

18
18 0
0 1 0 
1 0 0 1 0 
2
2 0 19 1 

19
18 0
0 0 0 
1 0 0 1 1 
2
3 0 18 1 

23
23 23
0 0 0 
1 0 1 1 1 
2
7 0 19 1 

24
8 8
0 0 0 
1 1 0 0 0 
1
8 0 

26
26 26
0 0 0 
1 1 0 1 0 
2
10 0 24 1 

27
27 27
0 0 0 
1 1 0 1 1 
2
11 0 26 1 

31
31 31
0 0 0 
1 1 1 1 1 
2
15 0 27 1 

