12
0 0 0 0 -1 -1 4 4 3 3 2 2 

3
ner c A 
5 0
bNr{ner} bNL{ner} bO1{c} bO2{c} bO3{c} 
0 0 1 1 1 

2 2 5 

0 3 
1 4 
0 1 2 3 4 

1 0 0 0 
1 0 0 0 
0 1 0 0 0 0 0 0 1 1 0 0 0 0 0 0 0 0 0 0 0 0 0 0 0 0 0 0 0 0 0 0 


4 16 32
3
0 4 1 8 2 1 9 2 0 
0 1 16 17 
8 24 
9 25 

0
0 0
1 1 0 
0 0 0 0 0 
2
16 0 1 1 

1
0 0
1 0 1 
0 0 0 0 1 
2
17 0 0 1 

3
3 3
0 0 0 
0 0 0 1 1 
1
1 1 

7
7 7
0 0 0 
0 0 1 1 1 
1
3 1 

8
8 8
1 0 1 
0 1 0 0 0 
1
24 0 

9
9 9
1 0 1 
0 1 0 0 1 
2
25 0 8 1 

11
11 11
0 0 0 
0 1 0 1 1 
1
9 1 

15
15 15
0 0 0 
0 1 1 1 1 
1
11 1 

16
0 0
0 1 0 
1 0 0 0 0 
2
0 0 17 1 

17
0 0
0 0 0 
1 0 0 0 1 
2
1 0 16 1 

19
19 19
0 0 0 
1 0 0 1 1 
2
3 0 17 1 

23
23 23
0 0 0 
1 0 1 1 1 
2
7 0 19 1 

24
8 8
0 0 0 
1 1 0 0 0 
1
8 0 

25
9 9
0 0 0 
1 1 0 0 1 
2
9 0 24 1 

27
27 27
0 0 0 
1 1 0 1 1 
2
11 0 25 1 

31
31 31
0 0 0 
1 1 1 1 1 
2
15 0 27 1 

