10
0 0 1 1 2 2 3 3 4 4 

5
Bmal Cry Dbp Per RevErb 
5 0
bBmal{Bmal} bCry{Cry} bDbp{Dbp} bPer{Per} bRevErb{RevErb} 
0 1 2 3 4 

1 5 3 4 4 

4 
1 2 4 3 0 
1 3 0 
1 2 3 0 
1 2 3 0 

1 0 
1 1 1 1 0 0 0 0 1 1 1 1 0 0 0 0 1 1 1 1 0 0 0 0 1 1 1 1 0 0 0 0 
1 1 0 0 1 1 0 0 
1 1 1 1 1 1 1 1 0 0 0 0 0 0 0 0 
0 1 0 1 0 1 0 1 0 1 0 1 0 1 0 1 


32 32 32
1
0 32 1 
0 1 2 3 4 5 6 7 8 9 10 11 12 13 14 15 16 17 18 19 20 21 22 23 24 25 26 27 28 29 30 31 

0
0 0
1 1 1 1 0 
0 0 0 0 0 
4
16 0 8 1 4 2 2 3 

1
0 0
0 0 1 1 0 
0 0 0 0 1 
3
5 2 3 3 0 4 

2
0 0
1 1 0 1 0 
0 0 0 1 0 
2
18 0 10 1 

3
0 0
0 0 0 1 0 
0 0 0 1 1 
1
2 4 

4
0 0
1 1 1 1 0 
0 0 1 0 0 
3
20 0 12 1 6 3 

5
0 0
0 0 1 1 0 
0 0 1 0 1 
2
7 3 4 4 

6
0 0
1 1 0 1 0 
0 0 1 1 0 
3
22 0 14 1 2 2 

7
0 0
0 0 0 1 0 
0 0 1 1 1 
2
3 2 6 4 

8
0 0
1 1 1 0 0 
0 1 0 0 0 
2
24 0 12 2 

9
0 0
0 0 1 0 0 
0 1 0 0 1 
3
1 1 13 2 8 4 

10
0 0
1 1 0 0 0 
0 1 0 1 0 
2
26 0 8 3 

11
0 0
0 0 0 0 0 
0 1 0 1 1 
3
3 1 9 3 10 4 

12
0 0
1 1 1 0 0 
0 1 1 0 0 
1
28 0 

13
0 0
0 0 1 0 0 
0 1 1 0 1 
2
5 1 12 4 

14
0 0
1 1 0 0 0 
0 1 1 1 0 
3
30 0 10 2 12 3 

15
0 0
0 0 0 0 0 
0 1 1 1 1 
4
7 1 11 2 13 3 14 4 

16
0 0
1 1 1 1 1 
1 0 0 0 0 
4
24 1 20 2 18 3 17 4 

17
0 0
0 0 1 1 1 
1 0 0 0 1 
3
1 0 21 2 19 3 

18
0 0
1 1 0 1 1 
1 0 0 1 0 
2
26 1 19 4 

19
0 0
0 0 0 1 1 
1 0 0 1 1 
1
3 0 

20
0 0
1 1 1 1 1 
1 0 1 0 0 
3
28 1 22 3 21 4 

21
0 0
0 0 1 1 1 
1 0 1 0 1 
2
5 0 23 3 

22
0 0
1 1 0 1 1 
1 0 1 1 0 
3
30 1 18 2 23 4 

23
0 0
0 0 0 1 1 
1 0 1 1 1 
2
7 0 19 2 

24
0 0
1 1 1 0 1 
1 1 0 0 0 
2
28 2 25 4 

25
0 0
0 0 1 0 1 
1 1 0 0 1 
3
9 0 17 1 29 2 

26
0 0
1 1 0 0 1 
1 1 0 1 0 
2
24 3 27 4 

27
0 0
0 0 0 0 1 
1 1 0 1 1 
3
11 0 19 1 25 3 

28
0 0
1 1 1 0 1 
1 1 1 0 0 
1
29 4 

29
0 0
0 0 1 0 1 
1 1 1 0 1 
2
13 0 21 1 

30
0 0
1 1 0 0 1 
1 1 1 1 0 
3
26 2 28 3 31 4 

31
0 0
0 0 0 0 1 
1 1 1 1 1 
4
15 0 23 1 27 2 29 3 

