10
0 0 1 1 2 2 3 3 4 4 

5
Bmal Cry Dbp Per RevErb 
5 0
bBmal{Bmal} bCry{Cry} bDbp{Dbp} bPer{Per} bRevErb{RevErb} 
0 1 2 3 4 

1 1 3 3 2 

4 
2 
4 3 0 
1 4 0 
1 3 

1 0 
1 0 
0 1 0 1 1 1 0 1 
0 0 1 0 1 1 1 1 
1 0 0 0 


31 32 32
1
0 31 1 
0 1 2 3 4 5 6 7 8 9 10 11 12 13 14 15 16 17 18 20 21 22 23 24 25 26 27 28 29 30 31 

0
0 0
1 1 0 0 1 
0 0 0 0 0 
3
16 0 8 1 1 4 

1
0 0
0 1 1 1 1 
0 0 0 0 1 
3
9 1 5 2 3 3 

2
0 0
1 1 0 0 0 
0 0 0 1 0 
3
18 0 10 1 0 3 

3
0 0
0 1 0 1 0 
0 0 0 1 1 
2
11 1 2 4 

4
0 0
1 0 0 0 1 
0 0 1 0 0 
3
20 0 0 2 5 4 

5
0 0
0 0 1 1 1 
0 0 1 0 1 
1
7 3 

6
0 0
1 0 0 0 0 
0 0 1 1 0 
3
22 0 2 2 4 3 

7
0 0
0 0 0 1 0 
0 0 1 1 1 
2
3 2 6 4 

8
0 0
1 1 0 1 0 
0 1 0 0 0 
2
24 0 10 3 

9
0 0
0 1 1 1 0 
0 1 0 0 1 
3
13 2 11 3 8 4 

10
0 0
1 1 0 1 0 
0 1 0 1 0 
1
26 0 

11
0 0
0 1 0 1 0 
0 1 0 1 1 
1
10 4 

12
0 0
1 0 0 1 0 
0 1 1 0 0 
4
28 0 4 1 8 2 14 3 

13
0 0
0 0 1 1 0 
0 1 1 0 1 
3
5 1 15 3 12 4 

14
0 0
1 0 0 1 0 
0 1 1 1 0 
3
30 0 6 1 10 2 

15
0 0
0 0 0 1 0 
0 1 1 1 1 
3
7 1 11 2 14 4 

16
0 0
1 1 1 0 1 
1 0 0 0 0 
3
24 1 20 2 17 4 

17
0 0
0 1 1 0 1 
1 0 0 0 1 
3
1 0 25 1 21 2 

18
0 0
1 1 1 0 0 
1 0 0 1 0 
3
26 1 22 2 16 3 

19
19 19
0 1 1 0 0 
1 0 0 1 1 
5
3 0 27 1 23 2 17 3 18 4 

20
0 0
1 0 1 0 1 
1 0 1 0 0 
1
21 4 

21
0 0
0 0 1 0 1 
1 0 1 0 1 
1
5 0 

22
0 0
1 0 1 0 0 
1 0 1 1 0 
1
20 3 

23
0 0
0 0 1 0 0 
1 0 1 1 1 
3
7 0 21 3 22 4 

24
0 0
1 1 1 1 0 
1 1 0 0 0 
2
28 2 26 3 

25
0 0
0 1 1 1 0 
1 1 0 0 1 
4
9 0 29 2 27 3 24 4 

26
0 0
1 1 1 1 0 
1 1 0 1 0 
1
30 2 

27
0 0
0 1 1 1 0 
1 1 0 1 1 
3
11 0 31 2 26 4 

28
0 0
1 0 1 1 0 
1 1 1 0 0 
2
20 1 30 3 

29
0 0
0 0 1 1 0 
1 1 1 0 1 
4
13 0 21 1 31 3 28 4 

30
0 0
1 0 1 1 0 
1 1 1 1 0 
1
22 1 

31
0 0
0 0 1 1 0 
1 1 1 1 1 
3
15 0 23 1 30 4 

