Lambda_Complete

11
cI cII cro Q N O P cIII xis int Struc

5

4
bcII_1{cII} bcII_2{cII} bQ{Q} bN{N} 

6
bOR1{cI,cro} bOR2{cI,cro} bOR3{cI,cro} bOL1{cI,cro} bOL2{cI,cro} bOL3{cI,cro}

1 1 3 4 0 2 0 2 0 2 0 2 0 2 0 2

7 4 4 5 4 4 4 4 4 1 1

8 9 4 5 6 7 0
4 5 6 7
4 5 6 7
3 4 5 6 7
10 11 12 13
4 5 6 7
4 5 6 7
10 11 12 13
10 11 12 13
1
2

0 1 1 1 1 1 1 1 1 1 1 1 1 1 1 1 1 1 1 1 1 1 1 1 1 1 1 1 1 1 1 1
0 0 0 0 0 0 0 0 0 0 0 0 0 0 0 0 0 0 0 0 0 0 0 0 0 0 0 0 0 0 0 0
0 0 0 0 0 0 0 0 0 0 0 0 0 0 0 0 0 0 0 0 0 0 0 0 0 0 0 0 0 0 0 0
0 0 0 0 0 0 0 0 0 0 0 0 0 0 0 0 0 0 0 0 0 0 0 0 0 0 0 0 0 0 0 0

1 0 0 0 0 0 0 0 0 0 0 0 0 0 0 0

1 0 0 0 0 0 0 0 0 0 0 0 0 0 0 0

0 0 0 0 0 0 0 0 0 0 0 0 0 0 0 0 1 0 0 0 0 0 0 0 0 0 0 0 0 0 0 0

1 0 0 0 0 0 0 0 0 0 0 0 0 0 0 0

1 0 0 0 0 0 0 0 0 0 0 0 0 0 0 0

1 0 0 0 0 0 0 0 0 0 0 0 0 0 0 0

1 0 0 0 0 0 0 0 0 0 0 0 0 0 0 0

1 0 0 0 0 0 0 0 0 0 0 0 0 0 0 0

0 1

0 1