48
9 9 3 3 11 11 5 5 7 7 13 13 1 1 0 0 -1 -1 -1 -1 -1 -1 -1 -1 14 14 8 8 6 6 12 12 10 10 4 4 2 2 -1 -1 -1 -1 -1 -1 -1 -1 -1 -1 

10
cI cII cro Q O P cIII xis int Struc 
3 6
bcII_1{cII} bcII_2{cII} bQ{Q} bOR1{cI,cro} bOR2{cI,cro} bOR3{cI,cro} bOL1{cI,cro} bOL2{cI,cro} bOL3{cI,cro} 
1 1 3 0 2 0 2 0 2 0 2 0 2 0 2 

7 4 4 4 4 4 4 4 1 1 

7 8 3 4 5 6 0 
3 4 5 6 
3 4 5 6 
3 4 5 6 
3 4 5 6 
3 4 5 6 
9 10 11 12 
9 10 11 12 
1 
2 

0 1 1 1 1 1 1 1 1 1 1 1 1 1 1 1 1 1 1 1 1 1 1 1 1 1 1 1 1 1 1 1 0 0 0 0 0 0 0 0 0 0 0 0 0 0 0 0 0 0 0 0 0 0 0 0 0 0 0 0 0 0 0 0 0 0 0 0 0 0 0 0 0 0 0 0 0 0 0 0 0 0 0 0 0 0 0 0 0 0 0 0 0 0 0 0 0 0 0 0 0 0 0 0 0 0 0 0 0 0 0 0 0 0 0 0 0 0 0 0 0 0 0 0 0 0 0 0 
1 0 0 0 0 0 0 0 0 0 0 0 0 0 0 0 
1 0 0 0 0 0 0 0 0 0 0 0 0 0 0 0 
1 0 0 0 0 0 0 0 0 0 0 0 0 0 0 0 
1 0 0 0 0 0 0 0 0 0 0 0 0 0 0 0 
1 0 0 0 0 0 0 0 0 0 0 0 0 0 0 0 
1 0 0 0 0 0 0 0 0 0 0 0 0 0 0 0 
1 0 0 0 0 0 0 0 0 0 0 0 0 0 0 0 
0 1 
0 1 


88 510 32768
14
2600 2 1 2601 2 0 6697 2 0 6824 2 0 10920 2 0 10921 2 0 14888 2 0 15017 2 0 24641 12 1 24673 12 0 27176 2 0 27177 2 0 31273 2 0 31400 2 0 
2600 2728 
2601 2729 
6697 6825 
6696 6824 
10792 10920 
10793 10921 
14888 15016 
14889 15017 
65 321 4161 4417 8257 8513 12353 12609 24641 24897 28737 28993 
97 353 4193 4449 8289 8545 12385 12641 24673 24929 28769 29025 
27176 27304 
27177 27305 
31273 31401 
31272 31400 

0
0 0
0 1 1 1 1 1 1 1 0 0 
0 0 0 0 0 0 0 0 0 0 0 0 0 0 0 
3
8192 1 1 2 4096 3 

1
1 0
0 1 1 1 1 1 1 1 0 0 
0 0 0 0 0 0 0 0 0 0 0 0 0 0 1 
3
8193 1 65 2 4097 3 

32
32 32
0 1 1 1 1 1 0 0 0 0 
0 0 0 0 0 0 0 0 0 1 0 0 0 0 0 
4
0 0 8224 1 33 2 4128 3 

33
33 32
0 1 1 1 1 1 0 0 0 0 
0 0 0 0 0 0 0 0 0 1 0 0 0 0 1 
4
1 0 8225 1 97 2 4129 3 

65
24641 0
0 1 1 1 1 1 1 1 0 0 
0 0 0 0 0 0 0 0 1 0 0 0 0 0 1 
3
8257 1 321 2 4161 3 

97
24673 0
0 1 1 1 1 1 0 0 0 0 
0 0 0 0 0 0 0 0 1 1 0 0 0 0 1 
4
65 0 8289 1 353 2 4193 3 

321
24641 0
0 0 0 0 0 0 1 1 0 0 
0 0 0 0 0 0 1 0 1 0 0 0 0 0 1 
1
65 2 

325
325 325
0 0 0 0 0 0 0 0 0 0 
0 0 0 0 0 0 1 0 1 0 0 0 1 0 1 
1
321 2 

341
341 341
0 0 0 0 0 0 0 0 0 0 
0 0 0 0 0 0 1 0 1 0 1 0 1 0 1 
1
325 2 

353
24673 0
0 0 0 0 0 0 0 0 0 0 
0 0 0 0 0 0 1 0 1 1 0 0 0 0 1 
2
321 0 97 2 

357
357 357
0 0 0 0 0 0 0 0 0 0 
0 0 0 0 0 0 1 0 1 1 0 0 1 0 1 
2
325 0 353 2 

1365
1365 1365
0 0 0 0 0 0 0 0 0 0 
0 0 0 0 1 0 1 0 1 0 1 0 1 0 1 
1
341 2 

1366
1366 1366
0 0 0 0 0 0 0 0 0 0 
0 0 0 0 1 0 1 0 1 0 1 0 1 1 0 
2
1365 0 2390 2 

1369
1369 1369
0 0 0 0 0 0 0 0 0 0 
0 0 0 0 1 0 1 0 1 0 1 1 0 0 1 
2
1365 0 2393 2 

1370
1370 1370
0 0 0 0 0 0 0 0 0 0 
0 0 0 0 1 0 1 0 1 0 1 1 0 1 0 
2
1369 0 2394 2 

1381
1381 1381
0 0 0 0 0 0 0 0 0 0 
0 0 0 0 1 0 1 0 1 1 0 0 1 0 1 
2
1365 0 357 2 

1382
1382 1382
0 0 0 0 0 0 0 0 0 0 
0 0 0 0 1 0 1 0 1 1 0 0 1 1 0 
2
1381 0 2406 2 

1385
1385 1385
0 0 0 0 0 0 0 0 0 0 
0 0 0 0 1 0 1 0 1 1 0 1 0 0 1 
2
1381 0 2409 2 

1386
1386 1386
0 0 0 0 0 0 0 0 0 0 
0 0 0 0 1 0 1 0 1 1 0 1 0 1 0 
2
1385 0 2410 2 

1429
1429 1429
0 0 0 0 0 0 0 0 0 0 
0 0 0 0 1 0 1 1 0 0 1 0 1 0 1 
2
1365 0 2453 2 

1430
1430 1430
0 0 0 0 0 0 0 0 0 0 
0 0 0 0 1 0 1 1 0 0 1 0 1 1 0 
2
1429 0 2454 2 

1433
1433 1433
0 0 0 0 0 0 0 0 0 0 
0 0 0 0 1 0 1 1 0 0 1 1 0 0 1 
2
1369 0 2457 2 

1434
1434 1434
0 0 0 0 0 0 0 0 0 0 
0 0 0 0 1 0 1 1 0 0 1 1 0 1 0 
2
1433 0 2458 2 

1445
1445 1445
0 0 0 0 0 0 0 0 0 0 
0 0 0 0 1 0 1 1 0 1 0 0 1 0 1 
2
1381 0 2469 2 

1446
1446 1446
0 0 0 0 0 0 0 0 0 0 
0 0 0 0 1 0 1 1 0 1 0 0 1 1 0 
2
1445 0 2470 2 

1449
1449 1449
0 0 0 0 0 0 0 0 0 0 
0 0 0 0 1 0 1 1 0 1 0 1 0 0 1 
2
1385 0 2473 2 

1450
1450 1450
0 0 0 0 0 0 0 0 0 0 
0 0 0 0 1 0 1 1 0 1 0 1 0 1 0 
2
1449 0 2474 2 

1621
1621 1621
0 0 0 0 0 0 0 0 0 0 
0 0 0 0 1 1 0 0 1 0 1 0 1 0 1 
2
1365 0 2645 2 

1622
1622 1622
0 0 0 0 0 0 0 0 0 0 
0 0 0 0 1 1 0 0 1 0 1 0 1 1 0 
2
1621 0 2646 2 

1625
1625 1625
0 0 0 0 0 0 0 0 0 0 
0 0 0 0 1 1 0 0 1 0 1 1 0 0 1 
2
1369 0 2649 2 

1626
1626 1626
0 0 0 0 0 0 0 0 0 0 
0 0 0 0 1 1 0 0 1 0 1 1 0 1 0 
2
1625 0 2650 2 

1637
1637 1637
0 0 0 0 0 0 0 0 0 0 
0 0 0 0 1 1 0 0 1 1 0 0 1 0 1 
2
1381 0 2661 2 

1638
1638 1638
0 0 0 0 0 0 0 0 0 0 
0 0 0 0 1 1 0 0 1 1 0 0 1 1 0 
2
1637 0 2662 2 

1641
1641 1641
0 0 0 0 0 0 0 0 0 0 
0 0 0 0 1 1 0 0 1 1 0 1 0 0 1 
2
1385 0 2665 2 

1642
1642 1642
0 0 0 0 0 0 0 0 0 0 
0 0 0 0 1 1 0 0 1 1 0 1 0 1 0 
2
1641 0 2666 2 

1685
1685 1685
0 0 0 0 0 0 0 0 0 0 
0 0 0 0 1 1 0 1 0 0 1 0 1 0 1 
2
1621 0 2709 2 

1686
1686 1686
0 0 0 0 0 0 0 0 0 0 
0 0 0 0 1 1 0 1 0 0 1 0 1 1 0 
2
1685 0 2710 2 

1689
1689 1689
0 0 0 0 0 0 0 0 0 0 
0 0 0 0 1 1 0 1 0 0 1 1 0 0 1 
2
1625 0 2713 2 

1690
1690 1690
0 0 0 0 0 0 0 0 0 0 
0 0 0 0 1 1 0 1 0 0 1 1 0 1 0 
2
1689 0 2714 2 

1701
1701 1701
0 0 0 0 0 0 0 0 0 0 
0 0 0 0 1 1 0 1 0 1 0 0 1 0 1 
2
1637 0 2725 2 

1702
1702 1702
0 0 0 0 0 0 0 0 0 0 
0 0 0 0 1 1 0 1 0 1 0 0 1 1 0 
2
1701 0 2726 2 

1705
1705 1705
0 0 0 0 0 0 0 0 0 0 
0 0 0 0 1 1 0 1 0 1 0 1 0 0 1 
2
1641 0 2729 2 

1706
1706 1706
0 0 0 0 0 0 0 0 0 0 
0 0 0 0 1 1 0 1 0 1 0 1 0 1 0 
2
1705 0 2730 2 

2080
2080 0
1 0 0 0 0 0 0 0 0 0 
0 0 0 1 0 0 0 0 0 1 0 0 0 0 0 
1
2088 0 

2081
2081 0
1 0 0 0 0 0 0 0 0 0 
0 0 0 1 0 0 0 0 0 1 0 0 0 0 1 
2
2089 0 2080 2 

2088
2088 0
1 0 0 0 0 0 0 0 0 0 
0 0 0 1 0 0 0 0 0 1 0 1 0 0 0 
1
2600 0 

2089
2089 0
1 0 0 0 0 0 0 0 0 0 
0 0 0 1 0 0 0 0 0 1 0 1 0 0 1 
2
2601 0 2088 2 

2145
2145 1366
0 0 0 0 0 0 0 0 0 0 
0 0 0 1 0 0 0 0 1 1 0 0 0 0 1 
2
97 0 2081 2 

2153
2153 1366
0 0 0 0 0 0 0 0 0 0 
0 0 0 1 0 0 0 0 1 1 0 1 0 0 1 
2
2145 0 2089 2 

2389
2389 1366
0 0 0 0 0 0 0 0 0 0 
0 0 0 1 0 0 1 0 1 0 1 0 1 0 1 
2
341 0 2405 2 

2390
2390 1366
0 0 0 0 0 0 0 0 0 0 
0 0 0 1 0 0 1 0 1 0 1 0 1 1 0 
2
2389 0 2406 2 

2393
2393 1369
0 0 0 0 0 0 0 0 0 0 
0 0 0 1 0 0 1 0 1 0 1 1 0 0 1 
2
2389 0 2409 2 

2394
2394 1370
0 0 0 0 0 0 0 0 0 0 
0 0 0 1 0 0 1 0 1 0 1 1 0 1 0 
2
2393 0 2410 2 

2401
2401 1366
0 0 0 0 0 0 0 0 0 0 
0 0 0 1 0 0 1 0 1 1 0 0 0 0 1 
2
353 0 2145 2 

2405
2405 1366
0 0 0 0 0 0 0 0 0 0 
0 0 0 1 0 0 1 0 1 1 0 0 1 0 1 
2
357 0 2401 2 

2406
2406 1366
0 0 0 0 0 0 0 0 0 0 
0 0 0 1 0 0 1 0 1 1 0 0 1 1 0 
2
2405 0 2410 2 

2409
2409 1366
0 0 0 0 0 0 0 0 0 0 
0 0 0 1 0 0 1 0 1 1 0 1 0 0 1 
2
2401 0 2153 2 

2410
2410 1366
0 0 0 0 0 0 0 0 0 0 
0 0 0 1 0 0 1 0 1 1 0 1 0 1 0 
2
2409 0 2666 2 

2453
2453 1429
0 0 0 0 0 0 0 0 0 0 
0 0 0 1 0 0 1 1 0 0 1 0 1 0 1 
2
2389 0 2469 2 

2454
2454 1430
0 0 0 0 0 0 0 0 0 0 
0 0 0 1 0 0 1 1 0 0 1 0 1 1 0 
2
2453 0 2470 2 

2457
2457 1433
0 0 0 0 0 0 0 0 0 0 
0 0 0 1 0 0 1 1 0 0 1 1 0 0 1 
2
2393 0 2473 2 

2458
2458 1434
0 0 0 0 0 0 0 0 0 0 
0 0 0 1 0 0 1 1 0 0 1 1 0 1 0 
2
2457 0 2474 2 

2469
2469 1429
0 0 0 0 0 0 0 0 0 0 
0 0 0 1 0 0 1 1 0 1 0 0 1 0 1 
2
2405 0 2473 2 

2470
2470 1430
0 0 0 0 0 0 0 0 0 0 
0 0 0 1 0 0 1 1 0 1 0 0 1 1 0 
2
2469 0 2474 2 

2473
2473 1429
0 0 0 0 0 0 0 0 0 0 
0 0 0 1 0 0 1 1 0 1 0 1 0 0 1 
2
2409 0 2729 2 

2474
2474 1430
0 0 0 0 0 0 0 0 0 0 
0 0 0 1 0 0 1 1 0 1 0 1 0 1 0 
2
2473 0 2730 2 

2600
2600 0
1 0 0 0 0 0 0 0 0 0 
0 0 0 1 0 1 0 0 0 1 0 1 0 0 0 
1
2728 0 

2601
2601 0
1 0 0 0 0 0 0 0 0 0 
0 0 0 1 0 1 0 0 0 1 0 1 0 0 1 
2
2729 0 2600 2 

2645
2645 1621
0 0 0 0 0 0 0 0 0 0 
0 0 0 1 0 1 0 0 1 0 1 0 1 0 1 
2
2389 0 2661 2 

2646
2646 1622
0 0 0 0 0 0 0 0 0 0 
0 0 0 1 0 1 0 0 1 0 1 0 1 1 0 
2
2645 0 2662 2 

2649
2649 1625
0 0 0 0 0 0 0 0 0 0 
0 0 0 1 0 1 0 0 1 0 1 1 0 0 1 
2
2393 0 2665 2 

2650
2650 1626
0 0 0 0 0 0 0 0 0 0 
0 0 0 1 0 1 0 0 1 0 1 1 0 1 0 
2
2649 0 2666 2 

2661
2661 1621
0 0 0 0 0 0 0 0 0 0 
0 0 0 1 0 1 0 0 1 1 0 0 1 0 1 
2
2405 0 2665 2 

2662
2662 1622
0 0 0 0 0 0 0 0 0 0 
0 0 0 1 0 1 0 0 1 1 0 0 1 1 0 
2
2661 0 2666 2 

2665
2665 1366
0 0 0 0 0 0 0 0 0 0 
0 0 0 1 0 1 0 0 1 1 0 1 0 0 1 
2
2153 0 2601 2 

2666
2666 1366
0 0 0 0 0 0 0 0 0 0 
0 0 0 1 0 1 0 0 1 1 0 1 0 1 0 
2
2665 0 2730 2 

2709
2709 1685
0 0 0 0 0 0 0 0 0 0 
0 0 0 1 0 1 0 1 0 0 1 0 1 0 1 
2
2645 0 2725 2 

2710
2710 1686
0 0 0 0 0 0 0 0 0 0 
0 0 0 1 0 1 0 1 0 0 1 0 1 1 0 
2
2709 0 2726 2 

2713
2713 1689
0 0 0 0 0 0 0 0 0 0 
0 0 0 1 0 1 0 1 0 0 1 1 0 0 1 
2
2649 0 2729 2 

2714
2714 1690
0 0 0 0 0 0 0 0 0 0 
0 0 0 1 0 1 0 1 0 0 1 1 0 1 0 
2
2713 0 2730 2 

2725
2725 1685
0 0 0 0 0 0 0 0 0 0 
0 0 0 1 0 1 0 1 0 1 0 0 1 0 1 
2
2661 0 2729 2 

2726
2726 1686
0 0 0 0 0 0 0 0 0 0 
0 0 0 1 0 1 0 1 0 1 0 0 1 1 0 
2
2725 0 2730 2 

2728
2600 0
0 0 0 0 0 0 0 0 0 0 
0 0 0 1 0 1 0 1 0 1 0 1 0 0 0 
1
2600 0 

2729
2601 0
0 0 0 0 0 0 0 0 0 0 
0 0 0 1 0 1 0 1 0 1 0 1 0 0 1 
2
2601 0 2728 2 

2730
2730 1366
0 0 0 0 0 0 0 0 0 0 
0 0 0 1 0 1 0 1 0 1 0 1 0 1 0 
1
2728 0 

4096
4096 0
0 1 1 1 1 1 1 1 0 1 
0 0 1 0 0 0 0 0 0 0 0 0 0 0 0 
2
12288 1 4097 2 

4097
4097 0
0 1 1 1 1 1 1 1 0 1 
0 0 1 0 0 0 0 0 0 0 0 0 0 0 1 
2
12289 1 4161 2 

4128
4128 32
0 1 1 1 1 1 0 0 0 1 
0 0 1 0 0 0 0 0 0 1 0 0 0 0 0 
3
4096 0 12320 1 4129 2 

4129
4129 32
0 1 1 1 1 1 0 0 0 1 
0 0 1 0 0 0 0 0 0 1 0 0 0 0 1 
3
4097 0 12321 1 4193 2 

4161
24641 0
0 1 1 1 1 1 1 1 0 1 
0 0 1 0 0 0 0 0 1 0 0 0 0 0 1 
2
12353 1 4417 2 

4193
24673 0
0 1 1 1 1 1 0 0 0 1 
0 0 1 0 0 0 0 0 1 1 0 0 0 0 1 
3
4161 0 12385 1 4449 2 

4417
24641 0
0 0 0 0 0 0 1 1 0 1 
0 0 1 0 0 0 1 0 1 0 0 0 0 0 1 
2
4161 2 321 3 

4421
4421 4421
0 0 0 0 0 0 0 0 0 1 
0 0 1 0 0 0 1 0 1 0 0 0 1 0 1 
2
4417 2 325 3 

4437
4437 4437
0 0 0 0 0 0 0 0 0 1 
0 0 1 0 0 0 1 0 1 0 1 0 1 0 1 
2
4421 2 341 3 

4449
24673 0
0 0 0 0 0 0 0 0 0 1 
0 0 1 0 0 0 1 0 1 1 0 0 0 0 1 
3
4417 0 4193 2 353 3 

4453
4453 4453
0 0 0 0 0 0 0 0 0 1 
0 0 1 0 0 0 1 0 1 1 0 0 1 0 1 
3
4421 0 4449 2 357 3 

5461
5461 5461
0 0 0 0 0 0 0 0 0 1 
0 0 1 0 1 0 1 0 1 0 1 0 1 0 1 
2
4437 2 1365 3 

5462
5462 5462
0 0 0 0 0 0 0 0 0 1 
0 0 1 0 1 0 1 0 1 0 1 0 1 1 0 
3
5461 0 6486 2 1366 3 

5465
5465 5465
0 0 0 0 0 0 0 0 0 1 
0 0 1 0 1 0 1 0 1 0 1 1 0 0 1 
3
5461 0 6489 2 1369 3 

5466
5466 5466
0 0 0 0 0 0 0 0 0 1 
0 0 1 0 1 0 1 0 1 0 1 1 0 1 0 
3
5465 0 6490 2 1370 3 

5477
5477 5477
0 0 0 0 0 0 0 0 0 1 
0 0 1 0 1 0 1 0 1 1 0 0 1 0 1 
3
5461 0 4453 2 1381 3 

5478
5478 5478
0 0 0 0 0 0 0 0 0 1 
0 0 1 0 1 0 1 0 1 1 0 0 1 1 0 
3
5477 0 6502 2 1382 3 

5481
5481 5481
0 0 0 0 0 0 0 0 0 1 
0 0 1 0 1 0 1 0 1 1 0 1 0 0 1 
3
5477 0 6505 2 1385 3 

5482
5482 5482
0 0 0 0 0 0 0 0 0 1 
0 0 1 0 1 0 1 0 1 1 0 1 0 1 0 
3
5481 0 6506 2 1386 3 

5525
5525 5525
0 0 0 0 0 0 0 0 0 1 
0 0 1 0 1 0 1 1 0 0 1 0 1 0 1 
3
5461 0 6549 2 1429 3 

5526
5526 5526
0 0 0 0 0 0 0 0 0 1 
0 0 1 0 1 0 1 1 0 0 1 0 1 1 0 
3
5525 0 6550 2 1430 3 

5529
5529 5529
0 0 0 0 0 0 0 0 0 1 
0 0 1 0 1 0 1 1 0 0 1 1 0 0 1 
3
5465 0 6553 2 1433 3 

5530
5530 5530
0 0 0 0 0 0 0 0 0 1 
0 0 1 0 1 0 1 1 0 0 1 1 0 1 0 
3
5529 0 6554 2 1434 3 

5541
5541 5541
0 0 0 0 0 0 0 0 0 1 
0 0 1 0 1 0 1 1 0 1 0 0 1 0 1 
3
5477 0 6565 2 1445 3 

5542
5542 5542
0 0 0 0 0 0 0 0 0 1 
0 0 1 0 1 0 1 1 0 1 0 0 1 1 0 
3
5541 0 6566 2 1446 3 

5545
5545 5545
0 0 0 0 0 0 0 0 0 1 
0 0 1 0 1 0 1 1 0 1 0 1 0 0 1 
3
5481 0 6569 2 1449 3 

5546
5546 5546
0 0 0 0 0 0 0 0 0 1 
0 0 1 0 1 0 1 1 0 1 0 1 0 1 0 
3
5545 0 6570 2 1450 3 

5717
5717 5717
0 0 0 0 0 0 0 0 0 1 
0 0 1 0 1 1 0 0 1 0 1 0 1 0 1 
3
5461 0 6741 2 1621 3 

5718
5718 5718
0 0 0 0 0 0 0 0 0 1 
0 0 1 0 1 1 0 0 1 0 1 0 1 1 0 
3
5717 0 6742 2 1622 3 

5721
5721 5721
0 0 0 0 0 0 0 0 0 1 
0 0 1 0 1 1 0 0 1 0 1 1 0 0 1 
3
5465 0 6745 2 1625 3 

5722
5722 5722
0 0 0 0 0 0 0 0 0 1 
0 0 1 0 1 1 0 0 1 0 1 1 0 1 0 
3
5721 0 6746 2 1626 3 

5733
5733 5733
0 0 0 0 0 0 0 0 0 1 
0 0 1 0 1 1 0 0 1 1 0 0 1 0 1 
3
5477 0 6757 2 1637 3 

5734
5734 5734
0 0 0 0 0 0 0 0 0 1 
0 0 1 0 1 1 0 0 1 1 0 0 1 1 0 
3
5733 0 6758 2 1638 3 

5737
5737 5737
0 0 0 0 0 0 0 0 0 1 
0 0 1 0 1 1 0 0 1 1 0 1 0 0 1 
3
5481 0 6761 2 1641 3 

5738
5738 5738
0 0 0 0 0 0 0 0 0 1 
0 0 1 0 1 1 0 0 1 1 0 1 0 1 0 
3
5737 0 6762 2 1642 3 

5781
5781 5781
0 0 0 0 0 0 0 0 0 1 
0 0 1 0 1 1 0 1 0 0 1 0 1 0 1 
3
5717 0 6805 2 1685 3 

5782
5782 5782
0 0 0 0 0 0 0 0 0 1 
0 0 1 0 1 1 0 1 0 0 1 0 1 1 0 
3
5781 0 6806 2 1686 3 

5785
5785 5785
0 0 0 0 0 0 0 0 0 1 
0 0 1 0 1 1 0 1 0 0 1 1 0 0 1 
3
5721 0 6809 2 1689 3 

5786
5786 5786
0 0 0 0 0 0 0 0 0 1 
0 0 1 0 1 1 0 1 0 0 1 1 0 1 0 
3
5785 0 6810 2 1690 3 

5797
5797 5797
0 0 0 0 0 0 0 0 0 1 
0 0 1 0 1 1 0 1 0 1 0 0 1 0 1 
3
5733 0 6821 2 1701 3 

5798
5798 5798
0 0 0 0 0 0 0 0 0 1 
0 0 1 0 1 1 0 1 0 1 0 0 1 1 0 
3
5797 0 6822 2 1702 3 

5801
5801 5801
0 0 0 0 0 0 0 0 0 1 
0 0 1 0 1 1 0 1 0 1 0 1 0 0 1 
3
5737 0 6825 2 1705 3 

5802
5802 5802
0 0 0 0 0 0 0 0 0 1 
0 0 1 0 1 1 0 1 0 1 0 1 0 1 0 
3
5801 0 6826 2 1706 3 

6176
6176 0
1 0 0 0 0 0 0 0 0 1 
0 0 1 1 0 0 0 0 0 1 0 0 0 0 0 
2
6184 0 2080 3 

6177
6177 0
1 0 0 0 0 0 0 0 0 1 
0 0 1 1 0 0 0 0 0 1 0 0 0 0 1 
3
6185 0 6176 2 2081 3 

6184
6184 0
1 0 0 0 0 0 0 0 0 1 
0 0 1 1 0 0 0 0 0 1 0 1 0 0 0 
2
6696 0 2088 3 

6185
6185 0
1 0 0 0 0 0 0 0 0 1 
0 0 1 1 0 0 0 0 0 1 0 1 0 0 1 
3
6697 0 6184 2 2089 3 

6241
6241 5462
0 0 0 0 0 0 0 0 0 1 
0 0 1 1 0 0 0 0 1 1 0 0 0 0 1 
3
4193 0 6177 2 2145 3 

6249
6249 5462
0 0 0 0 0 0 0 0 0 1 
0 0 1 1 0 0 0 0 1 1 0 1 0 0 1 
3
6241 0 6185 2 2153 3 

6485
6485 5462
0 0 0 0 0 0 0 0 0 1 
0 0 1 1 0 0 1 0 1 0 1 0 1 0 1 
3
4437 0 6501 2 2389 3 

6486
6486 5462
0 0 0 0 0 0 0 0 0 1 
0 0 1 1 0 0 1 0 1 0 1 0 1 1 0 
3
6485 0 6502 2 2390 3 

6489
6489 5465
0 0 0 0 0 0 0 0 0 1 
0 0 1 1 0 0 1 0 1 0 1 1 0 0 1 
3
6485 0 6505 2 2393 3 

6490
6490 5466
0 0 0 0 0 0 0 0 0 1 
0 0 1 1 0 0 1 0 1 0 1 1 0 1 0 
3
6489 0 6506 2 2394 3 

6497
6497 5462
0 0 0 0 0 0 0 0 0 1 
0 0 1 1 0 0 1 0 1 1 0 0 0 0 1 
3
4449 0 6241 2 2401 3 

6501
6501 5462
0 0 0 0 0 0 0 0 0 1 
0 0 1 1 0 0 1 0 1 1 0 0 1 0 1 
3
4453 0 6497 2 2405 3 

6502
6502 5462
0 0 0 0 0 0 0 0 0 1 
0 0 1 1 0 0 1 0 1 1 0 0 1 1 0 
3
6501 0 6506 2 2406 3 

6505
6505 5462
0 0 0 0 0 0 0 0 0 1 
0 0 1 1 0 0 1 0 1 1 0 1 0 0 1 
3
6497 0 6249 2 2409 3 

6506
6506 5462
0 0 0 0 0 0 0 0 0 1 
0 0 1 1 0 0 1 0 1 1 0 1 0 1 0 
3
6505 0 6762 2 2410 3 

6549
6549 5525
0 0 0 0 0 0 0 0 0 1 
0 0 1 1 0 0 1 1 0 0 1 0 1 0 1 
3
6485 0 6565 2 2453 3 

6550
6550 5526
0 0 0 0 0 0 0 0 0 1 
0 0 1 1 0 0 1 1 0 0 1 0 1 1 0 
3
6549 0 6566 2 2454 3 

6553
6553 5529
0 0 0 0 0 0 0 0 0 1 
0 0 1 1 0 0 1 1 0 0 1 1 0 0 1 
3
6489 0 6569 2 2457 3 

6554
6554 5530
0 0 0 0 0 0 0 0 0 1 
0 0 1 1 0 0 1 1 0 0 1 1 0 1 0 
3
6553 0 6570 2 2458 3 

6565
6565 5525
0 0 0 0 0 0 0 0 0 1 
0 0 1 1 0 0 1 1 0 1 0 0 1 0 1 
3
6501 0 6569 2 2469 3 

6566
6566 5526
0 0 0 0 0 0 0 0 0 1 
0 0 1 1 0 0 1 1 0 1 0 0 1 1 0 
3
6565 0 6570 2 2470 3 

6569
6569 5525
0 0 0 0 0 0 0 0 0 1 
0 0 1 1 0 0 1 1 0 1 0 1 0 0 1 
3
6505 0 6825 2 2473 3 

6570
6570 5526
0 0 0 0 0 0 0 0 0 1 
0 0 1 1 0 0 1 1 0 1 0 1 0 1 0 
3
6569 0 6826 2 2474 3 

6696
6824 0
1 0 0 0 0 0 0 0 0 1 
0 0 1 1 0 1 0 0 0 1 0 1 0 0 0 
2
6824 0 2600 3 

6697
6697 0
1 0 0 0 0 0 0 0 0 1 
0 0 1 1 0 1 0 0 0 1 0 1 0 0 1 
3
6825 0 6696 2 2601 3 

6741
6741 5717
0 0 0 0 0 0 0 0 0 1 
0 0 1 1 0 1 0 0 1 0 1 0 1 0 1 
3
6485 0 6757 2 2645 3 

6742
6742 5718
0 0 0 0 0 0 0 0 0 1 
0 0 1 1 0 1 0 0 1 0 1 0 1 1 0 
3
6741 0 6758 2 2646 3 

6745
6745 5721
0 0 0 0 0 0 0 0 0 1 
0 0 1 1 0 1 0 0 1 0 1 1 0 0 1 
3
6489 0 6761 2 2649 3 

6746
6746 5722
0 0 0 0 0 0 0 0 0 1 
0 0 1 1 0 1 0 0 1 0 1 1 0 1 0 
3
6745 0 6762 2 2650 3 

6757
6757 5717
0 0 0 0 0 0 0 0 0 1 
0 0 1 1 0 1 0 0 1 1 0 0 1 0 1 
3
6501 0 6761 2 2661 3 

6758
6758 5718
0 0 0 0 0 0 0 0 0 1 
0 0 1 1 0 1 0 0 1 1 0 0 1 1 0 
3
6757 0 6762 2 2662 3 

6761
6761 5462
0 0 0 0 0 0 0 0 0 1 
0 0 1 1 0 1 0 0 1 1 0 1 0 0 1 
3
6249 0 6697 2 2665 3 

6762
6762 5462
0 0 0 0 0 0 0 0 0 1 
0 0 1 1 0 1 0 0 1 1 0 1 0 1 0 
3
6761 0 6826 2 2666 3 

6805
6805 5781
0 0 0 0 0 0 0 0 0 1 
0 0 1 1 0 1 0 1 0 0 1 0 1 0 1 
3
6741 0 6821 2 2709 3 

6806
6806 5782
0 0 0 0 0 0 0 0 0 1 
0 0 1 1 0 1 0 1 0 0 1 0 1 1 0 
3
6805 0 6822 2 2710 3 

6809
6809 5785
0 0 0 0 0 0 0 0 0 1 
0 0 1 1 0 1 0 1 0 0 1 1 0 0 1 
3
6745 0 6825 2 2713 3 

6810
6810 5786
0 0 0 0 0 0 0 0 0 1 
0 0 1 1 0 1 0 1 0 0 1 1 0 1 0 
3
6809 0 6826 2 2714 3 

6821
6821 5781
0 0 0 0 0 0 0 0 0 1 
0 0 1 1 0 1 0 1 0 1 0 0 1 0 1 
3
6757 0 6825 2 2725 3 

6822
6822 5782
0 0 0 0 0 0 0 0 0 1 
0 0 1 1 0 1 0 1 0 1 0 0 1 1 0 
3
6821 0 6826 2 2726 3 

6824
6824 0
0 0 0 0 0 0 0 0 0 1 
0 0 1 1 0 1 0 1 0 1 0 1 0 0 0 
2
6696 0 2728 3 

6825
6697 0
0 0 0 0 0 0 0 0 0 1 
0 0 1 1 0 1 0 1 0 1 0 1 0 0 1 
3
6697 0 6824 2 2729 3 

6826
6826 5462
0 0 0 0 0 0 0 0 0 1 
0 0 1 1 0 1 0 1 0 1 0 1 0 1 0 
2
6824 0 2730 3 

8192
8192 0
0 1 1 1 1 1 1 1 1 0 
0 1 0 0 0 0 0 0 0 0 0 0 0 0 0 
3
24576 1 8193 2 12288 3 

8193
8193 0
0 1 1 1 1 1 1 1 1 0 
0 1 0 0 0 0 0 0 0 0 0 0 0 0 1 
3
24577 1 8257 2 12289 3 

8224
8224 32
0 1 1 1 1 1 0 0 1 0 
0 1 0 0 0 0 0 0 0 1 0 0 0 0 0 
4
8192 0 24608 1 8225 2 12320 3 

8225
8225 32
0 1 1 1 1 1 0 0 1 0 
0 1 0 0 0 0 0 0 0 1 0 0 0 0 1 
4
8193 0 24609 1 8289 2 12321 3 

8257
24641 0
0 1 1 1 1 1 1 1 1 0 
0 1 0 0 0 0 0 0 1 0 0 0 0 0 1 
3
24641 1 8513 2 12353 3 

8289
24673 0
0 1 1 1 1 1 0 0 1 0 
0 1 0 0 0 0 0 0 1 1 0 0 0 0 1 
4
8257 0 24673 1 8545 2 12385 3 

8513
24641 0
0 0 0 0 0 0 1 1 1 0 
0 1 0 0 0 0 1 0 1 0 0 0 0 0 1 
2
321 1 8257 2 

8517
8517 8517
0 0 0 0 0 0 0 0 1 0 
0 1 0 0 0 0 1 0 1 0 0 0 1 0 1 
2
325 1 8513 2 

8533
8533 8533
0 0 0 0 0 0 0 0 1 0 
0 1 0 0 0 0 1 0 1 0 1 0 1 0 1 
2
341 1 8517 2 

8545
24673 0
0 0 0 0 0 0 0 0 1 0 
0 1 0 0 0 0 1 0 1 1 0 0 0 0 1 
3
8513 0 353 1 8289 2 

8549
8549 8549
0 0 0 0 0 0 0 0 1 0 
0 1 0 0 0 0 1 0 1 1 0 0 1 0 1 
3
8517 0 357 1 8545 2 

9557
9557 9557
0 0 0 0 0 0 0 0 1 0 
0 1 0 0 1 0 1 0 1 0 1 0 1 0 1 
2
1365 1 8533 2 

9558
9558 9558
0 0 0 0 0 0 0 0 1 0 
0 1 0 0 1 0 1 0 1 0 1 0 1 1 0 
3
9557 0 1366 1 10582 2 

9561
9561 9561
0 0 0 0 0 0 0 0 1 0 
0 1 0 0 1 0 1 0 1 0 1 1 0 0 1 
3
9557 0 1369 1 10585 2 

9562
9562 9562
0 0 0 0 0 0 0 0 1 0 
0 1 0 0 1 0 1 0 1 0 1 1 0 1 0 
3
9561 0 1370 1 10586 2 

9573
9573 9573
0 0 0 0 0 0 0 0 1 0 
0 1 0 0 1 0 1 0 1 1 0 0 1 0 1 
3
9557 0 1381 1 8549 2 

9574
9574 9574
0 0 0 0 0 0 0 0 1 0 
0 1 0 0 1 0 1 0 1 1 0 0 1 1 0 
3
9573 0 1382 1 10598 2 

9577
9577 9577
0 0 0 0 0 0 0 0 1 0 
0 1 0 0 1 0 1 0 1 1 0 1 0 0 1 
3
9573 0 1385 1 10601 2 

9578
9578 9578
0 0 0 0 0 0 0 0 1 0 
0 1 0 0 1 0 1 0 1 1 0 1 0 1 0 
3
9577 0 1386 1 10602 2 

9621
9621 9621
0 0 0 0 0 0 0 0 1 0 
0 1 0 0 1 0 1 1 0 0 1 0 1 0 1 
3
9557 0 1429 1 10645 2 

9622
9622 9622
0 0 0 0 0 0 0 0 1 0 
0 1 0 0 1 0 1 1 0 0 1 0 1 1 0 
3
9621 0 1430 1 10646 2 

9625
9625 9625
0 0 0 0 0 0 0 0 1 0 
0 1 0 0 1 0 1 1 0 0 1 1 0 0 1 
3
9561 0 1433 1 10649 2 

9626
9626 9626
0 0 0 0 0 0 0 0 1 0 
0 1 0 0 1 0 1 1 0 0 1 1 0 1 0 
3
9625 0 1434 1 10650 2 

9637
9637 9637
0 0 0 0 0 0 0 0 1 0 
0 1 0 0 1 0 1 1 0 1 0 0 1 0 1 
3
9573 0 1445 1 10661 2 

9638
9638 9638
0 0 0 0 0 0 0 0 1 0 
0 1 0 0 1 0 1 1 0 1 0 0 1 1 0 
3
9637 0 1446 1 10662 2 

9641
9641 9641
0 0 0 0 0 0 0 0 1 0 
0 1 0 0 1 0 1 1 0 1 0 1 0 0 1 
3
9577 0 1449 1 10665 2 

9642
9642 9642
0 0 0 0 0 0 0 0 1 0 
0 1 0 0 1 0 1 1 0 1 0 1 0 1 0 
3
9641 0 1450 1 10666 2 

9813
9813 9813
0 0 0 0 0 0 0 0 1 0 
0 1 0 0 1 1 0 0 1 0 1 0 1 0 1 
3
9557 0 1621 1 10837 2 

9814
9814 9814
0 0 0 0 0 0 0 0 1 0 
0 1 0 0 1 1 0 0 1 0 1 0 1 1 0 
3
9813 0 1622 1 10838 2 

9817
9817 9817
0 0 0 0 0 0 0 0 1 0 
0 1 0 0 1 1 0 0 1 0 1 1 0 0 1 
3
9561 0 1625 1 10841 2 

9818
9818 9818
0 0 0 0 0 0 0 0 1 0 
0 1 0 0 1 1 0 0 1 0 1 1 0 1 0 
3
9817 0 1626 1 10842 2 

9829
9829 9829
0 0 0 0 0 0 0 0 1 0 
0 1 0 0 1 1 0 0 1 1 0 0 1 0 1 
3
9573 0 1637 1 10853 2 

9830
9830 9830
0 0 0 0 0 0 0 0 1 0 
0 1 0 0 1 1 0 0 1 1 0 0 1 1 0 
3
9829 0 1638 1 10854 2 

9833
9833 9833
0 0 0 0 0 0 0 0 1 0 
0 1 0 0 1 1 0 0 1 1 0 1 0 0 1 
3
9577 0 1641 1 10857 2 

9834
9834 9834
0 0 0 0 0 0 0 0 1 0 
0 1 0 0 1 1 0 0 1 1 0 1 0 1 0 
3
9833 0 1642 1 10858 2 

9877
9877 9877
0 0 0 0 0 0 0 0 1 0 
0 1 0 0 1 1 0 1 0 0 1 0 1 0 1 
3
9813 0 1685 1 10901 2 

9878
9878 9878
0 0 0 0 0 0 0 0 1 0 
0 1 0 0 1 1 0 1 0 0 1 0 1 1 0 
3
9877 0 1686 1 10902 2 

9881
9881 9881
0 0 0 0 0 0 0 0 1 0 
0 1 0 0 1 1 0 1 0 0 1 1 0 0 1 
3
9817 0 1689 1 10905 2 

9882
9882 9882
0 0 0 0 0 0 0 0 1 0 
0 1 0 0 1 1 0 1 0 0 1 1 0 1 0 
3
9881 0 1690 1 10906 2 

9893
9893 9893
0 0 0 0 0 0 0 0 1 0 
0 1 0 0 1 1 0 1 0 1 0 0 1 0 1 
3
9829 0 1701 1 10917 2 

9894
9894 9894
0 0 0 0 0 0 0 0 1 0 
0 1 0 0 1 1 0 1 0 1 0 0 1 1 0 
3
9893 0 1702 1 10918 2 

9897
9897 9897
0 0 0 0 0 0 0 0 1 0 
0 1 0 0 1 1 0 1 0 1 0 1 0 0 1 
3
9833 0 1705 1 10921 2 

9898
9898 9898
0 0 0 0 0 0 0 0 1 0 
0 1 0 0 1 1 0 1 0 1 0 1 0 1 0 
3
9897 0 1706 1 10922 2 

10272
10272 0
1 0 0 0 0 0 0 0 1 0 
0 1 0 1 0 0 0 0 0 1 0 0 0 0 0 
2
10280 0 2080 1 

10273
10273 0
1 0 0 0 0 0 0 0 1 0 
0 1 0 1 0 0 0 0 0 1 0 0 0 0 1 
3
10281 0 2081 1 10272 2 

10280
10280 0
1 0 0 0 0 0 0 0 1 0 
0 1 0 1 0 0 0 0 0 1 0 1 0 0 0 
2
10792 0 2088 1 

10281
10281 0
1 0 0 0 0 0 0 0 1 0 
0 1 0 1 0 0 0 0 0 1 0 1 0 0 1 
3
10793 0 2089 1 10280 2 

10337
10337 9558
0 0 0 0 0 0 0 0 1 0 
0 1 0 1 0 0 0 0 1 1 0 0 0 0 1 
3
8289 0 2145 1 10273 2 

10345
10345 9558
0 0 0 0 0 0 0 0 1 0 
0 1 0 1 0 0 0 0 1 1 0 1 0 0 1 
3
10337 0 2153 1 10281 2 

10581
10581 9558
0 0 0 0 0 0 0 0 1 0 
0 1 0 1 0 0 1 0 1 0 1 0 1 0 1 
3
8533 0 2389 1 10597 2 

10582
10582 9558
0 0 0 0 0 0 0 0 1 0 
0 1 0 1 0 0 1 0 1 0 1 0 1 1 0 
3
10581 0 2390 1 10598 2 

10585
10585 9561
0 0 0 0 0 0 0 0 1 0 
0 1 0 1 0 0 1 0 1 0 1 1 0 0 1 
3
10581 0 2393 1 10601 2 

10586
10586 9562
0 0 0 0 0 0 0 0 1 0 
0 1 0 1 0 0 1 0 1 0 1 1 0 1 0 
3
10585 0 2394 1 10602 2 

10593
10593 9558
0 0 0 0 0 0 0 0 1 0 
0 1 0 1 0 0 1 0 1 1 0 0 0 0 1 
3
8545 0 2401 1 10337 2 

10597
10597 9558
0 0 0 0 0 0 0 0 1 0 
0 1 0 1 0 0 1 0 1 1 0 0 1 0 1 
3
8549 0 2405 1 10593 2 

10598
10598 9558
0 0 0 0 0 0 0 0 1 0 
0 1 0 1 0 0 1 0 1 1 0 0 1 1 0 
3
10597 0 2406 1 10602 2 

10601
10601 9558
0 0 0 0 0 0 0 0 1 0 
0 1 0 1 0 0 1 0 1 1 0 1 0 0 1 
3
10593 0 2409 1 10345 2 

10602
10602 9558
0 0 0 0 0 0 0 0 1 0 
0 1 0 1 0 0 1 0 1 1 0 1 0 1 0 
3
10601 0 2410 1 10858 2 

10645
10645 9621
0 0 0 0 0 0 0 0 1 0 
0 1 0 1 0 0 1 1 0 0 1 0 1 0 1 
3
10581 0 2453 1 10661 2 

10646
10646 9622
0 0 0 0 0 0 0 0 1 0 
0 1 0 1 0 0 1 1 0 0 1 0 1 1 0 
3
10645 0 2454 1 10662 2 

10649
10649 9625
0 0 0 0 0 0 0 0 1 0 
0 1 0 1 0 0 1 1 0 0 1 1 0 0 1 
3
10585 0 2457 1 10665 2 

10650
10650 9626
0 0 0 0 0 0 0 0 1 0 
0 1 0 1 0 0 1 1 0 0 1 1 0 1 0 
3
10649 0 2458 1 10666 2 

10661
10661 9621
0 0 0 0 0 0 0 0 1 0 
0 1 0 1 0 0 1 1 0 1 0 0 1 0 1 
3
10597 0 2469 1 10665 2 

10662
10662 9622
0 0 0 0 0 0 0 0 1 0 
0 1 0 1 0 0 1 1 0 1 0 0 1 1 0 
3
10661 0 2470 1 10666 2 

10665
10665 9621
0 0 0 0 0 0 0 0 1 0 
0 1 0 1 0 0 1 1 0 1 0 1 0 0 1 
3
10601 0 2473 1 10921 2 

10666
10666 9622
0 0 0 0 0 0 0 0 1 0 
0 1 0 1 0 0 1 1 0 1 0 1 0 1 0 
3
10665 0 2474 1 10922 2 

10792
10920 0
1 0 0 0 0 0 0 0 1 0 
0 1 0 1 0 1 0 0 0 1 0 1 0 0 0 
2
10920 0 2600 1 

10793
10921 0
1 0 0 0 0 0 0 0 1 0 
0 1 0 1 0 1 0 0 0 1 0 1 0 0 1 
3
10921 0 2601 1 10792 2 

10837
10837 9813
0 0 0 0 0 0 0 0 1 0 
0 1 0 1 0 1 0 0 1 0 1 0 1 0 1 
3
10581 0 2645 1 10853 2 

10838
10838 9814
0 0 0 0 0 0 0 0 1 0 
0 1 0 1 0 1 0 0 1 0 1 0 1 1 0 
3
10837 0 2646 1 10854 2 

10841
10841 9817
0 0 0 0 0 0 0 0 1 0 
0 1 0 1 0 1 0 0 1 0 1 1 0 0 1 
3
10585 0 2649 1 10857 2 

10842
10842 9818
0 0 0 0 0 0 0 0 1 0 
0 1 0 1 0 1 0 0 1 0 1 1 0 1 0 
3
10841 0 2650 1 10858 2 

10853
10853 9813
0 0 0 0 0 0 0 0 1 0 
0 1 0 1 0 1 0 0 1 1 0 0 1 0 1 
3
10597 0 2661 1 10857 2 

10854
10854 9814
0 0 0 0 0 0 0 0 1 0 
0 1 0 1 0 1 0 0 1 1 0 0 1 1 0 
3
10853 0 2662 1 10858 2 

10857
10857 9558
0 0 0 0 0 0 0 0 1 0 
0 1 0 1 0 1 0 0 1 1 0 1 0 0 1 
3
10345 0 2665 1 10793 2 

10858
10858 9558
0 0 0 0 0 0 0 0 1 0 
0 1 0 1 0 1 0 0 1 1 0 1 0 1 0 
3
10857 0 2666 1 10922 2 

10901
10901 9877
0 0 0 0 0 0 0 0 1 0 
0 1 0 1 0 1 0 1 0 0 1 0 1 0 1 
3
10837 0 2709 1 10917 2 

10902
10902 9878
0 0 0 0 0 0 0 0 1 0 
0 1 0 1 0 1 0 1 0 0 1 0 1 1 0 
3
10901 0 2710 1 10918 2 

10905
10905 9881
0 0 0 0 0 0 0 0 1 0 
0 1 0 1 0 1 0 1 0 0 1 1 0 0 1 
3
10841 0 2713 1 10921 2 

10906
10906 9882
0 0 0 0 0 0 0 0 1 0 
0 1 0 1 0 1 0 1 0 0 1 1 0 1 0 
3
10905 0 2714 1 10922 2 

10917
10917 9877
0 0 0 0 0 0 0 0 1 0 
0 1 0 1 0 1 0 1 0 1 0 0 1 0 1 
3
10853 0 2725 1 10921 2 

10918
10918 9878
0 0 0 0 0 0 0 0 1 0 
0 1 0 1 0 1 0 1 0 1 0 0 1 1 0 
3
10917 0 2726 1 10922 2 

10920
10920 0
0 0 0 0 0 0 0 0 1 0 
0 1 0 1 0 1 0 1 0 1 0 1 0 0 0 
2
10792 0 2728 1 

10921
10921 0
0 0 0 0 0 0 0 0 1 0 
0 1 0 1 0 1 0 1 0 1 0 1 0 0 1 
3
10793 0 2729 1 10920 2 

10922
10922 9558
0 0 0 0 0 0 0 0 1 0 
0 1 0 1 0 1 0 1 0 1 0 1 0 1 0 
2
10920 0 2730 1 

12288
12288 0
0 1 1 1 1 1 1 1 1 1 
0 1 1 0 0 0 0 0 0 0 0 0 0 0 0 
2
28672 1 12289 2 

12289
12289 0
0 1 1 1 1 1 1 1 1 1 
0 1 1 0 0 0 0 0 0 0 0 0 0 0 1 
2
28673 1 12353 2 

12320
12320 32
0 1 1 1 1 1 0 0 1 1 
0 1 1 0 0 0 0 0 0 1 0 0 0 0 0 
3
12288 0 28704 1 12321 2 

12321
12321 32
0 1 1 1 1 1 0 0 1 1 
0 1 1 0 0 0 0 0 0 1 0 0 0 0 1 
3
12289 0 28705 1 12385 2 

12353
24641 0
0 1 1 1 1 1 1 1 1 1 
0 1 1 0 0 0 0 0 1 0 0 0 0 0 1 
2
28737 1 12609 2 

12385
24673 0
0 1 1 1 1 1 0 0 1 1 
0 1 1 0 0 0 0 0 1 1 0 0 0 0 1 
3
12353 0 28769 1 12641 2 

12609
24641 0
0 0 0 0 0 0 1 1 1 1 
0 1 1 0 0 0 1 0 1 0 0 0 0 0 1 
3
4417 1 12353 2 8513 3 

12613
12613 12613
0 0 0 0 0 0 0 0 1 1 
0 1 1 0 0 0 1 0 1 0 0 0 1 0 1 
3
4421 1 12609 2 8517 3 

12629
12629 12629
0 0 0 0 0 0 0 0 1 1 
0 1 1 0 0 0 1 0 1 0 1 0 1 0 1 
3
4437 1 12613 2 8533 3 

12641
24673 0
0 0 0 0 0 0 0 0 1 1 
0 1 1 0 0 0 1 0 1 1 0 0 0 0 1 
4
12609 0 4449 1 12385 2 8545 3 

12645
12645 12645
0 0 0 0 0 0 0 0 1 1 
0 1 1 0 0 0 1 0 1 1 0 0 1 0 1 
4
12613 0 4453 1 12641 2 8549 3 

13653
13653 13653
0 0 0 0 0 0 0 0 1 1 
0 1 1 0 1 0 1 0 1 0 1 0 1 0 1 
3
5461 1 12629 2 9557 3 

13654
13654 13654
0 0 0 0 0 0 0 0 1 1 
0 1 1 0 1 0 1 0 1 0 1 0 1 1 0 
4
13653 0 5462 1 14678 2 9558 3 

13657
13657 13657
0 0 0 0 0 0 0 0 1 1 
0 1 1 0 1 0 1 0 1 0 1 1 0 0 1 
4
13653 0 5465 1 14681 2 9561 3 

13658
13658 13658
0 0 0 0 0 0 0 0 1 1 
0 1 1 0 1 0 1 0 1 0 1 1 0 1 0 
4
13657 0 5466 1 14682 2 9562 3 

13669
13669 13669
0 0 0 0 0 0 0 0 1 1 
0 1 1 0 1 0 1 0 1 1 0 0 1 0 1 
4
13653 0 5477 1 12645 2 9573 3 

13670
13670 13670
0 0 0 0 0 0 0 0 1 1 
0 1 1 0 1 0 1 0 1 1 0 0 1 1 0 
4
13669 0 5478 1 14694 2 9574 3 

13673
13673 13673
0 0 0 0 0 0 0 0 1 1 
0 1 1 0 1 0 1 0 1 1 0 1 0 0 1 
4
13669 0 5481 1 14697 2 9577 3 

13674
13674 13674
0 0 0 0 0 0 0 0 1 1 
0 1 1 0 1 0 1 0 1 1 0 1 0 1 0 
4
13673 0 5482 1 14698 2 9578 3 

13717
13717 13717
0 0 0 0 0 0 0 0 1 1 
0 1 1 0 1 0 1 1 0 0 1 0 1 0 1 
4
13653 0 5525 1 14741 2 9621 3 

13718
13718 13718
0 0 0 0 0 0 0 0 1 1 
0 1 1 0 1 0 1 1 0 0 1 0 1 1 0 
4
13717 0 5526 1 14742 2 9622 3 

13721
13721 13721
0 0 0 0 0 0 0 0 1 1 
0 1 1 0 1 0 1 1 0 0 1 1 0 0 1 
4
13657 0 5529 1 14745 2 9625 3 

13722
13722 13722
0 0 0 0 0 0 0 0 1 1 
0 1 1 0 1 0 1 1 0 0 1 1 0 1 0 
4
13721 0 5530 1 14746 2 9626 3 

13733
13733 13733
0 0 0 0 0 0 0 0 1 1 
0 1 1 0 1 0 1 1 0 1 0 0 1 0 1 
4
13669 0 5541 1 14757 2 9637 3 

13734
13734 13734
0 0 0 0 0 0 0 0 1 1 
0 1 1 0 1 0 1 1 0 1 0 0 1 1 0 
4
13733 0 5542 1 14758 2 9638 3 

13737
13737 13737
0 0 0 0 0 0 0 0 1 1 
0 1 1 0 1 0 1 1 0 1 0 1 0 0 1 
4
13673 0 5545 1 14761 2 9641 3 

13738
13738 13738
0 0 0 0 0 0 0 0 1 1 
0 1 1 0 1 0 1 1 0 1 0 1 0 1 0 
4
13737 0 5546 1 14762 2 9642 3 

13909
13909 13909
0 0 0 0 0 0 0 0 1 1 
0 1 1 0 1 1 0 0 1 0 1 0 1 0 1 
4
13653 0 5717 1 14933 2 9813 3 

13910
13910 13910
0 0 0 0 0 0 0 0 1 1 
0 1 1 0 1 1 0 0 1 0 1 0 1 1 0 
4
13909 0 5718 1 14934 2 9814 3 

13913
13913 13913
0 0 0 0 0 0 0 0 1 1 
0 1 1 0 1 1 0 0 1 0 1 1 0 0 1 
4
13657 0 5721 1 14937 2 9817 3 

13914
13914 13914
0 0 0 0 0 0 0 0 1 1 
0 1 1 0 1 1 0 0 1 0 1 1 0 1 0 
4
13913 0 5722 1 14938 2 9818 3 

13925
13925 13925
0 0 0 0 0 0 0 0 1 1 
0 1 1 0 1 1 0 0 1 1 0 0 1 0 1 
4
13669 0 5733 1 14949 2 9829 3 

13926
13926 13926
0 0 0 0 0 0 0 0 1 1 
0 1 1 0 1 1 0 0 1 1 0 0 1 1 0 
4
13925 0 5734 1 14950 2 9830 3 

13929
13929 13929
0 0 0 0 0 0 0 0 1 1 
0 1 1 0 1 1 0 0 1 1 0 1 0 0 1 
4
13673 0 5737 1 14953 2 9833 3 

13930
13930 13930
0 0 0 0 0 0 0 0 1 1 
0 1 1 0 1 1 0 0 1 1 0 1 0 1 0 
4
13929 0 5738 1 14954 2 9834 3 

13973
13973 13973
0 0 0 0 0 0 0 0 1 1 
0 1 1 0 1 1 0 1 0 0 1 0 1 0 1 
4
13909 0 5781 1 14997 2 9877 3 

13974
13974 13974
0 0 0 0 0 0 0 0 1 1 
0 1 1 0 1 1 0 1 0 0 1 0 1 1 0 
4
13973 0 5782 1 14998 2 9878 3 

13977
13977 13977
0 0 0 0 0 0 0 0 1 1 
0 1 1 0 1 1 0 1 0 0 1 1 0 0 1 
4
13913 0 5785 1 15001 2 9881 3 

13978
13978 13978
0 0 0 0 0 0 0 0 1 1 
0 1 1 0 1 1 0 1 0 0 1 1 0 1 0 
4
13977 0 5786 1 15002 2 9882 3 

13989
13989 13989
0 0 0 0 0 0 0 0 1 1 
0 1 1 0 1 1 0 1 0 1 0 0 1 0 1 
4
13925 0 5797 1 15013 2 9893 3 

13990
13990 13990
0 0 0 0 0 0 0 0 1 1 
0 1 1 0 1 1 0 1 0 1 0 0 1 1 0 
4
13989 0 5798 1 15014 2 9894 3 

13993
13993 13993
0 0 0 0 0 0 0 0 1 1 
0 1 1 0 1 1 0 1 0 1 0 1 0 0 1 
4
13929 0 5801 1 15017 2 9897 3 

13994
13994 13994
0 0 0 0 0 0 0 0 1 1 
0 1 1 0 1 1 0 1 0 1 0 1 0 1 0 
4
13993 0 5802 1 15018 2 9898 3 

14368
14368 0
1 0 0 0 0 0 0 0 1 1 
0 1 1 1 0 0 0 0 0 1 0 0 0 0 0 
3
14376 0 6176 1 10272 3 

14369
14369 0
1 0 0 0 0 0 0 0 1 1 
0 1 1 1 0 0 0 0 0 1 0 0 0 0 1 
4
14377 0 6177 1 14368 2 10273 3 

14376
14376 0
1 0 0 0 0 0 0 0 1 1 
0 1 1 1 0 0 0 0 0 1 0 1 0 0 0 
3
14888 0 6184 1 10280 3 

14377
14377 0
1 0 0 0 0 0 0 0 1 1 
0 1 1 1 0 0 0 0 0 1 0 1 0 0 1 
4
14889 0 6185 1 14376 2 10281 3 

14433
14433 13654
0 0 0 0 0 0 0 0 1 1 
0 1 1 1 0 0 0 0 1 1 0 0 0 0 1 
4
12385 0 6241 1 14369 2 10337 3 

14441
14441 13654
0 0 0 0 0 0 0 0 1 1 
0 1 1 1 0 0 0 0 1 1 0 1 0 0 1 
4
14433 0 6249 1 14377 2 10345 3 

14677
14677 13654
0 0 0 0 0 0 0 0 1 1 
0 1 1 1 0 0 1 0 1 0 1 0 1 0 1 
4
12629 0 6485 1 14693 2 10581 3 

14678
14678 13654
0 0 0 0 0 0 0 0 1 1 
0 1 1 1 0 0 1 0 1 0 1 0 1 1 0 
4
14677 0 6486 1 14694 2 10582 3 

14681
14681 13657
0 0 0 0 0 0 0 0 1 1 
0 1 1 1 0 0 1 0 1 0 1 1 0 0 1 
4
14677 0 6489 1 14697 2 10585 3 

14682
14682 13658
0 0 0 0 0 0 0 0 1 1 
0 1 1 1 0 0 1 0 1 0 1 1 0 1 0 
4
14681 0 6490 1 14698 2 10586 3 

14689
14689 13654
0 0 0 0 0 0 0 0 1 1 
0 1 1 1 0 0 1 0 1 1 0 0 0 0 1 
4
12641 0 6497 1 14433 2 10593 3 

14693
14693 13654
0 0 0 0 0 0 0 0 1 1 
0 1 1 1 0 0 1 0 1 1 0 0 1 0 1 
4
12645 0 6501 1 14689 2 10597 3 

14694
14694 13654
0 0 0 0 0 0 0 0 1 1 
0 1 1 1 0 0 1 0 1 1 0 0 1 1 0 
4
14693 0 6502 1 14698 2 10598 3 

14697
14697 13654
0 0 0 0 0 0 0 0 1 1 
0 1 1 1 0 0 1 0 1 1 0 1 0 0 1 
4
14689 0 6505 1 14441 2 10601 3 

14698
14698 13654
0 0 0 0 0 0 0 0 1 1 
0 1 1 1 0 0 1 0 1 1 0 1 0 1 0 
4
14697 0 6506 1 14954 2 10602 3 

14741
14741 13717
0 0 0 0 0 0 0 0 1 1 
0 1 1 1 0 0 1 1 0 0 1 0 1 0 1 
4
14677 0 6549 1 14757 2 10645 3 

14742
14742 13718
0 0 0 0 0 0 0 0 1 1 
0 1 1 1 0 0 1 1 0 0 1 0 1 1 0 
4
14741 0 6550 1 14758 2 10646 3 

14745
14745 13721
0 0 0 0 0 0 0 0 1 1 
0 1 1 1 0 0 1 1 0 0 1 1 0 0 1 
4
14681 0 6553 1 14761 2 10649 3 

14746
14746 13722
0 0 0 0 0 0 0 0 1 1 
0 1 1 1 0 0 1 1 0 0 1 1 0 1 0 
4
14745 0 6554 1 14762 2 10650 3 

14757
14757 13717
0 0 0 0 0 0 0 0 1 1 
0 1 1 1 0 0 1 1 0 1 0 0 1 0 1 
4
14693 0 6565 1 14761 2 10661 3 

14758
14758 13718
0 0 0 0 0 0 0 0 1 1 
0 1 1 1 0 0 1 1 0 1 0 0 1 1 0 
4
14757 0 6566 1 14762 2 10662 3 

14761
14761 13717
0 0 0 0 0 0 0 0 1 1 
0 1 1 1 0 0 1 1 0 1 0 1 0 0 1 
4
14697 0 6569 1 15017 2 10665 3 

14762
14762 13718
0 0 0 0 0 0 0 0 1 1 
0 1 1 1 0 0 1 1 0 1 0 1 0 1 0 
4
14761 0 6570 1 15018 2 10666 3 

14888
14888 0
1 0 0 0 0 0 0 0 1 1 
0 1 1 1 0 1 0 0 0 1 0 1 0 0 0 
3
15016 0 6696 1 10792 3 

14889
15017 0
1 0 0 0 0 0 0 0 1 1 
0 1 1 1 0 1 0 0 0 1 0 1 0 0 1 
4
15017 0 6697 1 14888 2 10793 3 

14933
14933 13909
0 0 0 0 0 0 0 0 1 1 
0 1 1 1 0 1 0 0 1 0 1 0 1 0 1 
4
14677 0 6741 1 14949 2 10837 3 

14934
14934 13910
0 0 0 0 0 0 0 0 1 1 
0 1 1 1 0 1 0 0 1 0 1 0 1 1 0 
4
14933 0 6742 1 14950 2 10838 3 

14937
14937 13913
0 0 0 0 0 0 0 0 1 1 
0 1 1 1 0 1 0 0 1 0 1 1 0 0 1 
4
14681 0 6745 1 14953 2 10841 3 

14938
14938 13914
0 0 0 0 0 0 0 0 1 1 
0 1 1 1 0 1 0 0 1 0 1 1 0 1 0 
4
14937 0 6746 1 14954 2 10842 3 

14949
14949 13909
0 0 0 0 0 0 0 0 1 1 
0 1 1 1 0 1 0 0 1 1 0 0 1 0 1 
4
14693 0 6757 1 14953 2 10853 3 

14950
14950 13910
0 0 0 0 0 0 0 0 1 1 
0 1 1 1 0 1 0 0 1 1 0 0 1 1 0 
4
14949 0 6758 1 14954 2 10854 3 

14953
14953 13654
0 0 0 0 0 0 0 0 1 1 
0 1 1 1 0 1 0 0 1 1 0 1 0 0 1 
4
14441 0 6761 1 14889 2 10857 3 

14954
14954 13654
0 0 0 0 0 0 0 0 1 1 
0 1 1 1 0 1 0 0 1 1 0 1 0 1 0 
4
14953 0 6762 1 15018 2 10858 3 

14997
14997 13973
0 0 0 0 0 0 0 0 1 1 
0 1 1 1 0 1 0 1 0 0 1 0 1 0 1 
4
14933 0 6805 1 15013 2 10901 3 

14998
14998 13974
0 0 0 0 0 0 0 0 1 1 
0 1 1 1 0 1 0 1 0 0 1 0 1 1 0 
4
14997 0 6806 1 15014 2 10902 3 

15001
15001 13977
0 0 0 0 0 0 0 0 1 1 
0 1 1 1 0 1 0 1 0 0 1 1 0 0 1 
4
14937 0 6809 1 15017 2 10905 3 

15002
15002 13978
0 0 0 0 0 0 0 0 1 1 
0 1 1 1 0 1 0 1 0 0 1 1 0 1 0 
4
15001 0 6810 1 15018 2 10906 3 

15013
15013 13973
0 0 0 0 0 0 0 0 1 1 
0 1 1 1 0 1 0 1 0 1 0 0 1 0 1 
4
14949 0 6821 1 15017 2 10917 3 

15014
15014 13974
0 0 0 0 0 0 0 0 1 1 
0 1 1 1 0 1 0 1 0 1 0 0 1 1 0 
4
15013 0 6822 1 15018 2 10918 3 

15016
14888 0
0 0 0 0 0 0 0 0 1 1 
0 1 1 1 0 1 0 1 0 1 0 1 0 0 0 
3
14888 0 6824 1 10920 3 

15017
15017 0
0 0 0 0 0 0 0 0 1 1 
0 1 1 1 0 1 0 1 0 1 0 1 0 0 1 
4
14889 0 6825 1 15016 2 10921 3 

15018
15018 13654
0 0 0 0 0 0 0 0 1 1 
0 1 1 1 0 1 0 1 0 1 0 1 0 1 0 
3
15016 0 6826 1 10922 3 

24576
24576 0
1 1 1 1 1 1 1 1 1 0 
1 1 0 0 0 0 0 0 0 0 0 0 0 0 0 
3
24608 0 24577 2 28672 3 

24577
24577 0
1 1 1 1 1 1 1 1 1 0 
1 1 0 0 0 0 0 0 0 0 0 0 0 0 1 
3
24609 0 24641 2 28673 3 

24608
24608 0
1 1 1 1 1 1 0 0 1 0 
1 1 0 0 0 0 0 0 0 1 0 0 0 0 0 
3
26656 0 24609 2 28704 3 

24609
24609 0
1 1 1 1 1 1 0 0 1 0 
1 1 0 0 0 0 0 0 0 1 0 0 0 0 1 
3
26657 0 24673 2 28705 3 

24641
24641 0
0 1 1 1 1 1 1 1 1 0 
1 1 0 0 0 0 0 0 1 0 0 0 0 0 1 
2
24897 2 28737 3 

24673
24673 0
0 1 1 1 1 1 0 0 1 0 
1 1 0 0 0 0 0 0 1 1 0 0 0 0 1 
3
24641 0 24929 2 28769 3 

24897
24641 0
0 0 0 0 0 0 1 1 1 0 
1 1 0 0 0 0 1 0 1 0 0 0 0 0 1 
2
8513 1 24641 2 

24901
24901 24901
0 0 0 0 0 0 0 0 1 0 
1 1 0 0 0 0 1 0 1 0 0 0 1 0 1 
2
8517 1 24897 2 

24917
24917 24917
0 0 0 0 0 0 0 0 1 0 
1 1 0 0 0 0 1 0 1 0 1 0 1 0 1 
2
8533 1 24901 2 

24929
24673 0
0 0 0 0 0 0 0 0 1 0 
1 1 0 0 0 0 1 0 1 1 0 0 0 0 1 
3
24897 0 8545 1 24673 2 

24933
24933 24933
0 0 0 0 0 0 0 0 1 0 
1 1 0 0 0 0 1 0 1 1 0 0 1 0 1 
3
24901 0 8549 1 24929 2 

25941
25941 25941
0 0 0 0 0 0 0 0 1 0 
1 1 0 0 1 0 1 0 1 0 1 0 1 0 1 
2
9557 1 24917 2 

25942
25942 25942
0 0 0 0 0 0 0 0 1 0 
1 1 0 0 1 0 1 0 1 0 1 0 1 1 0 
3
25941 0 9558 1 26966 2 

25945
25945 25945
0 0 0 0 0 0 0 0 1 0 
1 1 0 0 1 0 1 0 1 0 1 1 0 0 1 
3
25941 0 9561 1 26969 2 

25946
25946 25946
0 0 0 0 0 0 0 0 1 0 
1 1 0 0 1 0 1 0 1 0 1 1 0 1 0 
3
25945 0 9562 1 26970 2 

25957
25957 25957
0 0 0 0 0 0 0 0 1 0 
1 1 0 0 1 0 1 0 1 1 0 0 1 0 1 
3
25941 0 9573 1 24933 2 

25958
25958 25958
0 0 0 0 0 0 0 0 1 0 
1 1 0 0 1 0 1 0 1 1 0 0 1 1 0 
3
25957 0 9574 1 26982 2 

25961
25961 25961
0 0 0 0 0 0 0 0 1 0 
1 1 0 0 1 0 1 0 1 1 0 1 0 0 1 
3
25957 0 9577 1 26985 2 

25962
25962 25962
0 0 0 0 0 0 0 0 1 0 
1 1 0 0 1 0 1 0 1 1 0 1 0 1 0 
3
25961 0 9578 1 26986 2 

26005
26005 26005
0 0 0 0 0 0 0 0 1 0 
1 1 0 0 1 0 1 1 0 0 1 0 1 0 1 
3
25941 0 9621 1 27029 2 

26006
26006 26006
0 0 0 0 0 0 0 0 1 0 
1 1 0 0 1 0 1 1 0 0 1 0 1 1 0 
3
26005 0 9622 1 27030 2 

26009
26009 26009
0 0 0 0 0 0 0 0 1 0 
1 1 0 0 1 0 1 1 0 0 1 1 0 0 1 
3
25945 0 9625 1 27033 2 

26010
26010 26010
0 0 0 0 0 0 0 0 1 0 
1 1 0 0 1 0 1 1 0 0 1 1 0 1 0 
3
26009 0 9626 1 27034 2 

26021
26021 26021
0 0 0 0 0 0 0 0 1 0 
1 1 0 0 1 0 1 1 0 1 0 0 1 0 1 
3
25957 0 9637 1 27045 2 

26022
26022 26022
0 0 0 0 0 0 0 0 1 0 
1 1 0 0 1 0 1 1 0 1 0 0 1 1 0 
3
26021 0 9638 1 27046 2 

26025
26025 26025
0 0 0 0 0 0 0 0 1 0 
1 1 0 0 1 0 1 1 0 1 0 1 0 0 1 
3
25961 0 9641 1 27049 2 

26026
26026 26026
0 0 0 0 0 0 0 0 1 0 
1 1 0 0 1 0 1 1 0 1 0 1 0 1 0 
3
26025 0 9642 1 27050 2 

26197
26197 26197
0 0 0 0 0 0 0 0 1 0 
1 1 0 0 1 1 0 0 1 0 1 0 1 0 1 
3
25941 0 9813 1 27221 2 

26198
26198 26198
0 0 0 0 0 0 0 0 1 0 
1 1 0 0 1 1 0 0 1 0 1 0 1 1 0 
3
26197 0 9814 1 27222 2 

26201
26201 26201
0 0 0 0 0 0 0 0 1 0 
1 1 0 0 1 1 0 0 1 0 1 1 0 0 1 
3
25945 0 9817 1 27225 2 

26202
26202 26202
0 0 0 0 0 0 0 0 1 0 
1 1 0 0 1 1 0 0 1 0 1 1 0 1 0 
3
26201 0 9818 1 27226 2 

26213
26213 26213
0 0 0 0 0 0 0 0 1 0 
1 1 0 0 1 1 0 0 1 1 0 0 1 0 1 
3
25957 0 9829 1 27237 2 

26214
26214 26214
0 0 0 0 0 0 0 0 1 0 
1 1 0 0 1 1 0 0 1 1 0 0 1 1 0 
3
26213 0 9830 1 27238 2 

26217
26217 26217
0 0 0 0 0 0 0 0 1 0 
1 1 0 0 1 1 0 0 1 1 0 1 0 0 1 
3
25961 0 9833 1 27241 2 

26218
26218 26218
0 0 0 0 0 0 0 0 1 0 
1 1 0 0 1 1 0 0 1 1 0 1 0 1 0 
3
26217 0 9834 1 27242 2 

26261
26261 26261
0 0 0 0 0 0 0 0 1 0 
1 1 0 0 1 1 0 1 0 0 1 0 1 0 1 
3
26197 0 9877 1 27285 2 

26262
26262 26262
0 0 0 0 0 0 0 0 1 0 
1 1 0 0 1 1 0 1 0 0 1 0 1 1 0 
3
26261 0 9878 1 27286 2 

26265
26265 26265
0 0 0 0 0 0 0 0 1 0 
1 1 0 0 1 1 0 1 0 0 1 1 0 0 1 
3
26201 0 9881 1 27289 2 

26266
26266 26266
0 0 0 0 0 0 0 0 1 0 
1 1 0 0 1 1 0 1 0 0 1 1 0 1 0 
3
26265 0 9882 1 27290 2 

26277
26277 26277
0 0 0 0 0 0 0 0 1 0 
1 1 0 0 1 1 0 1 0 1 0 0 1 0 1 
3
26213 0 9893 1 27301 2 

26278
26278 26278
0 0 0 0 0 0 0 0 1 0 
1 1 0 0 1 1 0 1 0 1 0 0 1 1 0 
3
26277 0 9894 1 27302 2 

26281
26281 26281
0 0 0 0 0 0 0 0 1 0 
1 1 0 0 1 1 0 1 0 1 0 1 0 0 1 
3
26217 0 9897 1 27305 2 

26282
26282 26282
0 0 0 0 0 0 0 0 1 0 
1 1 0 0 1 1 0 1 0 1 0 1 0 1 0 
3
26281 0 9898 1 27306 2 

26656
26656 0
1 0 0 0 0 0 0 0 1 0 
1 1 0 1 0 0 0 0 0 1 0 0 0 0 0 
2
26664 0 10272 1 

26657
26657 0
1 0 0 0 0 0 0 0 1 0 
1 1 0 1 0 0 0 0 0 1 0 0 0 0 1 
3
26665 0 10273 1 26656 2 

26664
26664 0
1 0 0 0 0 0 0 0 1 0 
1 1 0 1 0 0 0 0 0 1 0 1 0 0 0 
2
27176 0 10280 1 

26665
26665 0
1 0 0 0 0 0 0 0 1 0 
1 1 0 1 0 0 0 0 0 1 0 1 0 0 1 
3
27177 0 10281 1 26664 2 

26721
26721 25942
0 0 0 0 0 0 0 0 1 0 
1 1 0 1 0 0 0 0 1 1 0 0 0 0 1 
3
24673 0 10337 1 26657 2 

26729
26729 25942
0 0 0 0 0 0 0 0 1 0 
1 1 0 1 0 0 0 0 1 1 0 1 0 0 1 
3
26721 0 10345 1 26665 2 

26965
26965 25942
0 0 0 0 0 0 0 0 1 0 
1 1 0 1 0 0 1 0 1 0 1 0 1 0 1 
3
24917 0 10581 1 26981 2 

26966
26966 25942
0 0 0 0 0 0 0 0 1 0 
1 1 0 1 0 0 1 0 1 0 1 0 1 1 0 
3
26965 0 10582 1 26982 2 

26969
26969 25945
0 0 0 0 0 0 0 0 1 0 
1 1 0 1 0 0 1 0 1 0 1 1 0 0 1 
3
26965 0 10585 1 26985 2 

26970
26970 25946
0 0 0 0 0 0 0 0 1 0 
1 1 0 1 0 0 1 0 1 0 1 1 0 1 0 
3
26969 0 10586 1 26986 2 

26977
26977 25942
0 0 0 0 0 0 0 0 1 0 
1 1 0 1 0 0 1 0 1 1 0 0 0 0 1 
3
24929 0 10593 1 26721 2 

26981
26981 25942
0 0 0 0 0 0 0 0 1 0 
1 1 0 1 0 0 1 0 1 1 0 0 1 0 1 
3
24933 0 10597 1 26977 2 

26982
26982 25942
0 0 0 0 0 0 0 0 1 0 
1 1 0 1 0 0 1 0 1 1 0 0 1 1 0 
3
26981 0 10598 1 26986 2 

26985
26985 25942
0 0 0 0 0 0 0 0 1 0 
1 1 0 1 0 0 1 0 1 1 0 1 0 0 1 
3
26977 0 10601 1 26729 2 

26986
26986 25942
0 0 0 0 0 0 0 0 1 0 
1 1 0 1 0 0 1 0 1 1 0 1 0 1 0 
3
26985 0 10602 1 27242 2 

27029
27029 26005
0 0 0 0 0 0 0 0 1 0 
1 1 0 1 0 0 1 1 0 0 1 0 1 0 1 
3
26965 0 10645 1 27045 2 

27030
27030 26006
0 0 0 0 0 0 0 0 1 0 
1 1 0 1 0 0 1 1 0 0 1 0 1 1 0 
3
27029 0 10646 1 27046 2 

27033
27033 26009
0 0 0 0 0 0 0 0 1 0 
1 1 0 1 0 0 1 1 0 0 1 1 0 0 1 
3
26969 0 10649 1 27049 2 

27034
27034 26010
0 0 0 0 0 0 0 0 1 0 
1 1 0 1 0 0 1 1 0 0 1 1 0 1 0 
3
27033 0 10650 1 27050 2 

27045
27045 26005
0 0 0 0 0 0 0 0 1 0 
1 1 0 1 0 0 1 1 0 1 0 0 1 0 1 
3
26981 0 10661 1 27049 2 

27046
27046 26006
0 0 0 0 0 0 0 0 1 0 
1 1 0 1 0 0 1 1 0 1 0 0 1 1 0 
3
27045 0 10662 1 27050 2 

27049
27049 26005
0 0 0 0 0 0 0 0 1 0 
1 1 0 1 0 0 1 1 0 1 0 1 0 0 1 
3
26985 0 10665 1 27305 2 

27050
27050 26006
0 0 0 0 0 0 0 0 1 0 
1 1 0 1 0 0 1 1 0 1 0 1 0 1 0 
3
27049 0 10666 1 27306 2 

27176
27176 0
1 0 0 0 0 0 0 0 1 0 
1 1 0 1 0 1 0 0 0 1 0 1 0 0 0 
2
27304 0 10792 1 

27177
27177 0
1 0 0 0 0 0 0 0 1 0 
1 1 0 1 0 1 0 0 0 1 0 1 0 0 1 
3
27305 0 10793 1 27176 2 

27221
27221 26197
0 0 0 0 0 0 0 0 1 0 
1 1 0 1 0 1 0 0 1 0 1 0 1 0 1 
3
26965 0 10837 1 27237 2 

27222
27222 26198
0 0 0 0 0 0 0 0 1 0 
1 1 0 1 0 1 0 0 1 0 1 0 1 1 0 
3
27221 0 10838 1 27238 2 

27225
27225 26201
0 0 0 0 0 0 0 0 1 0 
1 1 0 1 0 1 0 0 1 0 1 1 0 0 1 
3
26969 0 10841 1 27241 2 

27226
27226 26202
0 0 0 0 0 0 0 0 1 0 
1 1 0 1 0 1 0 0 1 0 1 1 0 1 0 
3
27225 0 10842 1 27242 2 

27237
27237 26197
0 0 0 0 0 0 0 0 1 0 
1 1 0 1 0 1 0 0 1 1 0 0 1 0 1 
3
26981 0 10853 1 27241 2 

27238
27238 26198
0 0 0 0 0 0 0 0 1 0 
1 1 0 1 0 1 0 0 1 1 0 0 1 1 0 
3
27237 0 10854 1 27242 2 

27241
27241 25942
0 0 0 0 0 0 0 0 1 0 
1 1 0 1 0 1 0 0 1 1 0 1 0 0 1 
3
26729 0 10857 1 27177 2 

27242
27242 25942
0 0 0 0 0 0 0 0 1 0 
1 1 0 1 0 1 0 0 1 1 0 1 0 1 0 
3
27241 0 10858 1 27306 2 

27285
27285 26261
0 0 0 0 0 0 0 0 1 0 
1 1 0 1 0 1 0 1 0 0 1 0 1 0 1 
3
27221 0 10901 1 27301 2 

27286
27286 26262
0 0 0 0 0 0 0 0 1 0 
1 1 0 1 0 1 0 1 0 0 1 0 1 1 0 
3
27285 0 10902 1 27302 2 

27289
27289 26265
0 0 0 0 0 0 0 0 1 0 
1 1 0 1 0 1 0 1 0 0 1 1 0 0 1 
3
27225 0 10905 1 27305 2 

27290
27290 26266
0 0 0 0 0 0 0 0 1 0 
1 1 0 1 0 1 0 1 0 0 1 1 0 1 0 
3
27289 0 10906 1 27306 2 

27301
27301 26261
0 0 0 0 0 0 0 0 1 0 
1 1 0 1 0 1 0 1 0 1 0 0 1 0 1 
3
27237 0 10917 1 27305 2 

27302
27302 26262
0 0 0 0 0 0 0 0 1 0 
1 1 0 1 0 1 0 1 0 1 0 0 1 1 0 
3
27301 0 10918 1 27306 2 

27304
27176 0
0 0 0 0 0 0 0 0 1 0 
1 1 0 1 0 1 0 1 0 1 0 1 0 0 0 
2
27176 0 10920 1 

27305
27177 0
0 0 0 0 0 0 0 0 1 0 
1 1 0 1 0 1 0 1 0 1 0 1 0 0 1 
3
27177 0 10921 1 27304 2 

27306
27306 25942
0 0 0 0 0 0 0 0 1 0 
1 1 0 1 0 1 0 1 0 1 0 1 0 1 0 
2
27304 0 10922 1 

28672
28672 0
1 1 1 1 1 1 1 1 1 1 
1 1 1 0 0 0 0 0 0 0 0 0 0 0 0 
2
28704 0 28673 2 

28673
28673 0
1 1 1 1 1 1 1 1 1 1 
1 1 1 0 0 0 0 0 0 0 0 0 0 0 1 
2
28705 0 28737 2 

28704
28704 0
1 1 1 1 1 1 0 0 1 1 
1 1 1 0 0 0 0 0 0 1 0 0 0 0 0 
2
30752 0 28705 2 

28705
28705 0
1 1 1 1 1 1 0 0 1 1 
1 1 1 0 0 0 0 0 0 1 0 0 0 0 1 
2
30753 0 28769 2 

28737
24641 0
0 1 1 1 1 1 1 1 1 1 
1 1 1 0 0 0 0 0 1 0 0 0 0 0 1 
1
28993 2 

28769
24673 0
0 1 1 1 1 1 0 0 1 1 
1 1 1 0 0 0 0 0 1 1 0 0 0 0 1 
2
28737 0 29025 2 

28993
24641 0
0 0 0 0 0 0 1 1 1 1 
1 1 1 0 0 0 1 0 1 0 0 0 0 0 1 
3
12609 1 28737 2 24897 3 

28997
28997 28997
0 0 0 0 0 0 0 0 1 1 
1 1 1 0 0 0 1 0 1 0 0 0 1 0 1 
3
12613 1 28993 2 24901 3 

29013
29013 29013
0 0 0 0 0 0 0 0 1 1 
1 1 1 0 0 0 1 0 1 0 1 0 1 0 1 
3
12629 1 28997 2 24917 3 

29025
24673 0
0 0 0 0 0 0 0 0 1 1 
1 1 1 0 0 0 1 0 1 1 0 0 0 0 1 
4
28993 0 12641 1 28769 2 24929 3 

29029
29029 29029
0 0 0 0 0 0 0 0 1 1 
1 1 1 0 0 0 1 0 1 1 0 0 1 0 1 
4
28997 0 12645 1 29025 2 24933 3 

30037
30037 30037
0 0 0 0 0 0 0 0 1 1 
1 1 1 0 1 0 1 0 1 0 1 0 1 0 1 
3
13653 1 29013 2 25941 3 

30038
30038 30038
0 0 0 0 0 0 0 0 1 1 
1 1 1 0 1 0 1 0 1 0 1 0 1 1 0 
4
30037 0 13654 1 31062 2 25942 3 

30041
30041 30041
0 0 0 0 0 0 0 0 1 1 
1 1 1 0 1 0 1 0 1 0 1 1 0 0 1 
4
30037 0 13657 1 31065 2 25945 3 

30042
30042 30042
0 0 0 0 0 0 0 0 1 1 
1 1 1 0 1 0 1 0 1 0 1 1 0 1 0 
4
30041 0 13658 1 31066 2 25946 3 

30053
30053 30053
0 0 0 0 0 0 0 0 1 1 
1 1 1 0 1 0 1 0 1 1 0 0 1 0 1 
4
30037 0 13669 1 29029 2 25957 3 

30054
30054 30054
0 0 0 0 0 0 0 0 1 1 
1 1 1 0 1 0 1 0 1 1 0 0 1 1 0 
4
30053 0 13670 1 31078 2 25958 3 

30057
30057 30057
0 0 0 0 0 0 0 0 1 1 
1 1 1 0 1 0 1 0 1 1 0 1 0 0 1 
4
30053 0 13673 1 31081 2 25961 3 

30058
30058 30058
0 0 0 0 0 0 0 0 1 1 
1 1 1 0 1 0 1 0 1 1 0 1 0 1 0 
4
30057 0 13674 1 31082 2 25962 3 

30101
30101 30101
0 0 0 0 0 0 0 0 1 1 
1 1 1 0 1 0 1 1 0 0 1 0 1 0 1 
4
30037 0 13717 1 31125 2 26005 3 

30102
30102 30102
0 0 0 0 0 0 0 0 1 1 
1 1 1 0 1 0 1 1 0 0 1 0 1 1 0 
4
30101 0 13718 1 31126 2 26006 3 

30105
30105 30105
0 0 0 0 0 0 0 0 1 1 
1 1 1 0 1 0 1 1 0 0 1 1 0 0 1 
4
30041 0 13721 1 31129 2 26009 3 

30106
30106 30106
0 0 0 0 0 0 0 0 1 1 
1 1 1 0 1 0 1 1 0 0 1 1 0 1 0 
4
30105 0 13722 1 31130 2 26010 3 

30117
30117 30117
0 0 0 0 0 0 0 0 1 1 
1 1 1 0 1 0 1 1 0 1 0 0 1 0 1 
4
30053 0 13733 1 31141 2 26021 3 

30118
30118 30118
0 0 0 0 0 0 0 0 1 1 
1 1 1 0 1 0 1 1 0 1 0 0 1 1 0 
4
30117 0 13734 1 31142 2 26022 3 

30121
30121 30121
0 0 0 0 0 0 0 0 1 1 
1 1 1 0 1 0 1 1 0 1 0 1 0 0 1 
4
30057 0 13737 1 31145 2 26025 3 

30122
30122 30122
0 0 0 0 0 0 0 0 1 1 
1 1 1 0 1 0 1 1 0 1 0 1 0 1 0 
4
30121 0 13738 1 31146 2 26026 3 

30293
30293 30293
0 0 0 0 0 0 0 0 1 1 
1 1 1 0 1 1 0 0 1 0 1 0 1 0 1 
4
30037 0 13909 1 31317 2 26197 3 

30294
30294 30294
0 0 0 0 0 0 0 0 1 1 
1 1 1 0 1 1 0 0 1 0 1 0 1 1 0 
4
30293 0 13910 1 31318 2 26198 3 

30297
30297 30297
0 0 0 0 0 0 0 0 1 1 
1 1 1 0 1 1 0 0 1 0 1 1 0 0 1 
4
30041 0 13913 1 31321 2 26201 3 

30298
30298 30298
0 0 0 0 0 0 0 0 1 1 
1 1 1 0 1 1 0 0 1 0 1 1 0 1 0 
4
30297 0 13914 1 31322 2 26202 3 

30309
30309 30309
0 0 0 0 0 0 0 0 1 1 
1 1 1 0 1 1 0 0 1 1 0 0 1 0 1 
4
30053 0 13925 1 31333 2 26213 3 

30310
30310 30310
0 0 0 0 0 0 0 0 1 1 
1 1 1 0 1 1 0 0 1 1 0 0 1 1 0 
4
30309 0 13926 1 31334 2 26214 3 

30313
30313 30313
0 0 0 0 0 0 0 0 1 1 
1 1 1 0 1 1 0 0 1 1 0 1 0 0 1 
4
30057 0 13929 1 31337 2 26217 3 

30314
30314 30314
0 0 0 0 0 0 0 0 1 1 
1 1 1 0 1 1 0 0 1 1 0 1 0 1 0 
4
30313 0 13930 1 31338 2 26218 3 

30357
30357 30357
0 0 0 0 0 0 0 0 1 1 
1 1 1 0 1 1 0 1 0 0 1 0 1 0 1 
4
30293 0 13973 1 31381 2 26261 3 

30358
30358 30358
0 0 0 0 0 0 0 0 1 1 
1 1 1 0 1 1 0 1 0 0 1 0 1 1 0 
4
30357 0 13974 1 31382 2 26262 3 

30361
30361 30361
0 0 0 0 0 0 0 0 1 1 
1 1 1 0 1 1 0 1 0 0 1 1 0 0 1 
4
30297 0 13977 1 31385 2 26265 3 

30362
30362 30362
0 0 0 0 0 0 0 0 1 1 
1 1 1 0 1 1 0 1 0 0 1 1 0 1 0 
4
30361 0 13978 1 31386 2 26266 3 

30373
30373 30373
0 0 0 0 0 0 0 0 1 1 
1 1 1 0 1 1 0 1 0 1 0 0 1 0 1 
4
30309 0 13989 1 31397 2 26277 3 

30374
30374 30374
0 0 0 0 0 0 0 0 1 1 
1 1 1 0 1 1 0 1 0 1 0 0 1 1 0 
4
30373 0 13990 1 31398 2 26278 3 

30377
30377 30377
0 0 0 0 0 0 0 0 1 1 
1 1 1 0 1 1 0 1 0 1 0 1 0 0 1 
4
30313 0 13993 1 31401 2 26281 3 

30378
30378 30378
0 0 0 0 0 0 0 0 1 1 
1 1 1 0 1 1 0 1 0 1 0 1 0 1 0 
4
30377 0 13994 1 31402 2 26282 3 

30752
30752 0
1 0 0 0 0 0 0 0 1 1 
1 1 1 1 0 0 0 0 0 1 0 0 0 0 0 
3
30760 0 14368 1 26656 3 

30753
30753 0
1 0 0 0 0 0 0 0 1 1 
1 1 1 1 0 0 0 0 0 1 0 0 0 0 1 
4
30761 0 14369 1 30752 2 26657 3 

30760
30760 0
1 0 0 0 0 0 0 0 1 1 
1 1 1 1 0 0 0 0 0 1 0 1 0 0 0 
3
31272 0 14376 1 26664 3 

30761
30761 0
1 0 0 0 0 0 0 0 1 1 
1 1 1 1 0 0 0 0 0 1 0 1 0 0 1 
4
31273 0 14377 1 30760 2 26665 3 

30817
30817 30038
0 0 0 0 0 0 0 0 1 1 
1 1 1 1 0 0 0 0 1 1 0 0 0 0 1 
4
28769 0 14433 1 30753 2 26721 3 

30825
30825 30038
0 0 0 0 0 0 0 0 1 1 
1 1 1 1 0 0 0 0 1 1 0 1 0 0 1 
4
30817 0 14441 1 30761 2 26729 3 

31061
31061 30038
0 0 0 0 0 0 0 0 1 1 
1 1 1 1 0 0 1 0 1 0 1 0 1 0 1 
4
29013 0 14677 1 31077 2 26965 3 

31062
31062 30038
0 0 0 0 0 0 0 0 1 1 
1 1 1 1 0 0 1 0 1 0 1 0 1 1 0 
4
31061 0 14678 1 31078 2 26966 3 

31065
31065 30041
0 0 0 0 0 0 0 0 1 1 
1 1 1 1 0 0 1 0 1 0 1 1 0 0 1 
4
31061 0 14681 1 31081 2 26969 3 

31066
31066 30042
0 0 0 0 0 0 0 0 1 1 
1 1 1 1 0 0 1 0 1 0 1 1 0 1 0 
4
31065 0 14682 1 31082 2 26970 3 

31073
31073 30038
0 0 0 0 0 0 0 0 1 1 
1 1 1 1 0 0 1 0 1 1 0 0 0 0 1 
4
29025 0 14689 1 30817 2 26977 3 

31077
31077 30038
0 0 0 0 0 0 0 0 1 1 
1 1 1 1 0 0 1 0 1 1 0 0 1 0 1 
4
29029 0 14693 1 31073 2 26981 3 

31078
31078 30038
0 0 0 0 0 0 0 0 1 1 
1 1 1 1 0 0 1 0 1 1 0 0 1 1 0 
4
31077 0 14694 1 31082 2 26982 3 

31081
31081 30038
0 0 0 0 0 0 0 0 1 1 
1 1 1 1 0 0 1 0 1 1 0 1 0 0 1 
4
31073 0 14697 1 30825 2 26985 3 

31082
31082 30038
0 0 0 0 0 0 0 0 1 1 
1 1 1 1 0 0 1 0 1 1 0 1 0 1 0 
4
31081 0 14698 1 31338 2 26986 3 

31125
31125 30101
0 0 0 0 0 0 0 0 1 1 
1 1 1 1 0 0 1 1 0 0 1 0 1 0 1 
4
31061 0 14741 1 31141 2 27029 3 

31126
31126 30102
0 0 0 0 0 0 0 0 1 1 
1 1 1 1 0 0 1 1 0 0 1 0 1 1 0 
4
31125 0 14742 1 31142 2 27030 3 

31129
31129 30105
0 0 0 0 0 0 0 0 1 1 
1 1 1 1 0 0 1 1 0 0 1 1 0 0 1 
4
31065 0 14745 1 31145 2 27033 3 

31130
31130 30106
0 0 0 0 0 0 0 0 1 1 
1 1 1 1 0 0 1 1 0 0 1 1 0 1 0 
4
31129 0 14746 1 31146 2 27034 3 

31141
31141 30101
0 0 0 0 0 0 0 0 1 1 
1 1 1 1 0 0 1 1 0 1 0 0 1 0 1 
4
31077 0 14757 1 31145 2 27045 3 

31142
31142 30102
0 0 0 0 0 0 0 0 1 1 
1 1 1 1 0 0 1 1 0 1 0 0 1 1 0 
4
31141 0 14758 1 31146 2 27046 3 

31145
31145 30101
0 0 0 0 0 0 0 0 1 1 
1 1 1 1 0 0 1 1 0 1 0 1 0 0 1 
4
31081 0 14761 1 31401 2 27049 3 

31146
31146 30102
0 0 0 0 0 0 0 0 1 1 
1 1 1 1 0 0 1 1 0 1 0 1 0 1 0 
4
31145 0 14762 1 31402 2 27050 3 

31272
31400 0
1 0 0 0 0 0 0 0 1 1 
1 1 1 1 0 1 0 0 0 1 0 1 0 0 0 
3
31400 0 14888 1 27176 3 

31273
31273 0
1 0 0 0 0 0 0 0 1 1 
1 1 1 1 0 1 0 0 0 1 0 1 0 0 1 
4
31401 0 14889 1 31272 2 27177 3 

31317
31317 30293
0 0 0 0 0 0 0 0 1 1 
1 1 1 1 0 1 0 0 1 0 1 0 1 0 1 
4
31061 0 14933 1 31333 2 27221 3 

31318
31318 30294
0 0 0 0 0 0 0 0 1 1 
1 1 1 1 0 1 0 0 1 0 1 0 1 1 0 
4
31317 0 14934 1 31334 2 27222 3 

31321
31321 30297
0 0 0 0 0 0 0 0 1 1 
1 1 1 1 0 1 0 0 1 0 1 1 0 0 1 
4
31065 0 14937 1 31337 2 27225 3 

31322
31322 30298
0 0 0 0 0 0 0 0 1 1 
1 1 1 1 0 1 0 0 1 0 1 1 0 1 0 
4
31321 0 14938 1 31338 2 27226 3 

31333
31333 30293
0 0 0 0 0 0 0 0 1 1 
1 1 1 1 0 1 0 0 1 1 0 0 1 0 1 
4
31077 0 14949 1 31337 2 27237 3 

31334
31334 30294
0 0 0 0 0 0 0 0 1 1 
1 1 1 1 0 1 0 0 1 1 0 0 1 1 0 
4
31333 0 14950 1 31338 2 27238 3 

31337
31337 30038
0 0 0 0 0 0 0 0 1 1 
1 1 1 1 0 1 0 0 1 1 0 1 0 0 1 
4
30825 0 14953 1 31273 2 27241 3 

31338
31338 30038
0 0 0 0 0 0 0 0 1 1 
1 1 1 1 0 1 0 0 1 1 0 1 0 1 0 
4
31337 0 14954 1 31402 2 27242 3 

31381
31381 30357
0 0 0 0 0 0 0 0 1 1 
1 1 1 1 0 1 0 1 0 0 1 0 1 0 1 
4
31317 0 14997 1 31397 2 27285 3 

31382
31382 30358
0 0 0 0 0 0 0 0 1 1 
1 1 1 1 0 1 0 1 0 0 1 0 1 1 0 
4
31381 0 14998 1 31398 2 27286 3 

31385
31385 30361
0 0 0 0 0 0 0 0 1 1 
1 1 1 1 0 1 0 1 0 0 1 1 0 0 1 
4
31321 0 15001 1 31401 2 27289 3 

31386
31386 30362
0 0 0 0 0 0 0 0 1 1 
1 1 1 1 0 1 0 1 0 0 1 1 0 1 0 
4
31385 0 15002 1 31402 2 27290 3 

31397
31397 30357
0 0 0 0 0 0 0 0 1 1 
1 1 1 1 0 1 0 1 0 1 0 0 1 0 1 
4
31333 0 15013 1 31401 2 27301 3 

31398
31398 30358
0 0 0 0 0 0 0 0 1 1 
1 1 1 1 0 1 0 1 0 1 0 0 1 1 0 
4
31397 0 15014 1 31402 2 27302 3 

31400
31400 0
0 0 0 0 0 0 0 0 1 1 
1 1 1 1 0 1 0 1 0 1 0 1 0 0 0 
3
31272 0 15016 1 27304 3 

31401
31273 0
0 0 0 0 0 0 0 0 1 1 
1 1 1 1 0 1 0 1 0 1 0 1 0 0 1 
4
31273 0 15017 1 31400 2 27305 3 

31402
31402 30038
0 0 0 0 0 0 0 0 1 1 
1 1 1 1 0 1 0 1 0 1 0 1 0 1 0 
3
31400 0 15018 1 27306 3 

