48
9 9 11 11 13 13 3 3 5 5 7 7 1 1 0 0 -1 -1 -1 -1 -1 -1 -1 -1 14 14 12 12 10 10 8 8 6 6 4 4 2 2 -1 -1 -1 -1 -1 -1 -1 -1 -1 -1 

10
cI cII cro Q O P cIII xis int Struc 
3 6
bcII_1{cII} bcII_2{cII} bQ{Q} bOR1{cI,cro} bOR2{cI,cro} bOR3{cI,cro} bOL1{cI,cro} bOL2{cI,cro} bOL3{cI,cro} 
1 1 3 0 2 0 2 0 2 0 2 0 2 0 2 

7 4 4 4 4 4 4 4 1 1 

7 8 3 4 5 6 0 
3 4 5 6 
3 4 5 6 
3 4 5 6 
3 4 5 6 
3 4 5 6 
9 10 11 12 
9 10 11 12 
1 
2 

0 1 1 1 1 1 1 1 1 1 1 1 1 1 1 1 1 1 1 1 1 1 1 1 1 1 1 1 1 1 1 1 0 0 0 0 0 0 0 0 0 0 0 0 0 0 0 0 0 0 0 0 0 0 0 0 0 0 0 0 0 0 0 0 0 0 0 0 0 0 0 0 0 0 0 0 0 0 0 0 0 0 0 0 0 0 0 0 0 0 0 0 0 0 0 0 0 0 0 0 0 0 0 0 0 0 0 0 0 0 0 0 0 0 0 0 0 0 0 0 0 0 0 0 0 0 0 0 
1 0 0 0 0 0 0 0 0 0 0 0 0 0 0 0 
1 0 0 0 0 0 0 0 0 0 0 0 0 0 0 0 
1 0 0 0 0 0 0 0 0 0 0 0 0 0 0 0 
1 0 0 0 0 0 0 0 0 0 0 0 0 0 0 0 
1 0 0 0 0 0 0 0 0 0 0 0 0 0 0 0 
1 0 0 0 0 0 0 0 0 0 0 0 0 0 0 0 
1 0 0 0 0 0 0 0 0 0 0 0 0 0 0 0 
0 1 
0 1 


156 708 32768
56
2581 2 0 2582 2 0 2585 2 0 2586 2 0 2597 2 0 2601 2 0 2602 2 1 2726 2 0 6677 2 0 6678 2 0 6681 2 0 6682 2 0 6693 2 0 6697 2 0 6698 2 0 6822 2 0 10790 2 0 10901 2 0 10902 2 0 10905 2 0 10906 2 0 10917 2 0 10921 2 0 10922 2 0 14886 2 0 14997 2 0 14998 2 0 15001 2 0 15002 2 0 15013 2 0 15017 2 0 15018 2 0 24661 12 1 24662 12 0 24665 12 0 24666 12 0 24677 12 0 24678 12 0 24681 12 0 24682 12 0 27157 2 0 27158 2 0 27161 2 0 27162 2 0 27173 2 0 27177 2 0 27178 2 0 27302 2 0 31253 2 0 31254 2 0 31257 2 0 31258 2 0 31269 2 0 31273 2 0 31274 2 0 31398 2 0 
2581 2709 
2582 2710 
2585 2713 
2586 2714 
2597 2725 
2601 2729 
2602 2730 
2598 2726 
6677 6805 
6678 6806 
6681 6809 
6682 6810 
6693 6821 
6697 6825 
6698 6826 
6694 6822 
10790 10918 
10773 10901 
10774 10902 
10777 10905 
10778 10906 
10789 10917 
10793 10921 
10794 10922 
14886 15014 
14869 14997 
14870 14998 
14873 15001 
14874 15002 
14885 15013 
14889 15017 
14890 15018 
85 341 4181 4437 8277 8533 12373 12629 24661 24917 28757 29013 
86 342 4182 4438 8278 8534 12374 12630 24662 24918 28758 29014 
89 345 4185 4441 8281 8537 12377 12633 24665 24921 28761 29017 
90 346 4186 4442 8282 8538 12378 12634 24666 24922 28762 29018 
101 357 4197 4453 8293 8549 12389 12645 24677 24933 28773 29029 
102 358 4198 4454 8294 8550 12390 12646 24678 24934 28774 29030 
105 361 4201 4457 8297 8553 12393 12649 24681 24937 28777 29033 
106 362 4202 4458 8298 8554 12394 12650 24682 24938 28778 29034 
27157 27285 
27158 27286 
27161 27289 
27162 27290 
27173 27301 
27177 27305 
27178 27306 
27174 27302 
31253 31381 
31254 31382 
31257 31385 
31258 31386 
31269 31397 
31273 31401 
31274 31402 
31270 31398 

0
0 0
0 1 1 1 1 1 1 1 0 0 
0 0 0 0 0 0 0 0 0 0 0 0 0 0 0 
3
8192 1 1 2 4096 3 

1
1 0
0 1 1 1 1 1 1 1 0 0 
0 0 0 0 0 0 0 0 0 0 0 0 0 0 1 
3
8193 1 5 2 4097 3 

5
5 0
0 1 1 1 1 1 0 0 0 0 
0 0 0 0 0 0 0 0 0 0 0 0 1 0 1 
3
8197 1 21 2 4101 3 

21
21 0
0 1 1 1 1 1 0 0 0 0 
0 0 0 0 0 0 0 0 0 0 1 0 1 0 1 
3
8213 1 85 2 4117 3 

22
22 22
0 1 1 1 1 1 0 0 0 0 
0 0 0 0 0 0 0 0 0 0 1 0 1 1 0 
4
21 0 8214 1 86 2 4118 3 

25
25 25
0 1 1 1 1 1 0 0 0 0 
0 0 0 0 0 0 0 0 0 0 1 1 0 0 1 
4
21 0 8217 1 89 2 4121 3 

26
26 26
0 1 1 1 1 1 0 0 0 0 
0 0 0 0 0 0 0 0 0 0 1 1 0 1 0 
4
25 0 8218 1 90 2 4122 3 

32
32 32
0 1 1 1 1 1 0 0 0 0 
0 0 0 0 0 0 0 0 0 1 0 0 0 0 0 
4
0 0 8224 1 33 2 4128 3 

33
33 32
0 1 1 1 1 1 0 0 0 0 
0 0 0 0 0 0 0 0 0 1 0 0 0 0 1 
4
1 0 8225 1 37 2 4129 3 

37
37 32
0 1 1 1 1 1 0 0 0 0 
0 0 0 0 0 0 0 0 0 1 0 0 1 0 1 
4
5 0 8229 1 101 2 4133 3 

38
38 38
0 1 1 1 1 1 0 0 0 0 
0 0 0 0 0 0 0 0 0 1 0 0 1 1 0 
4
37 0 8230 1 102 2 4134 3 

40
40 40
0 1 1 1 1 1 0 0 0 0 
0 0 0 0 0 0 0 0 0 1 0 1 0 0 0 
4
32 0 8232 1 41 2 4136 3 

41
41 40
0 1 1 1 1 1 0 0 0 0 
0 0 0 0 0 0 0 0 0 1 0 1 0 0 1 
4
33 0 8233 1 105 2 4137 3 

42
42 42
0 1 1 1 1 1 0 0 0 0 
0 0 0 0 0 0 0 0 0 1 0 1 0 1 0 
4
40 0 8234 1 106 2 4138 3 

85
24661 0
0 1 1 1 1 1 0 0 0 0 
0 0 0 0 0 0 0 0 1 0 1 0 1 0 1 
3
8277 1 341 2 4181 3 

86
24662 22
0 1 1 1 1 1 0 0 0 0 
0 0 0 0 0 0 0 0 1 0 1 0 1 1 0 
4
85 0 8278 1 342 2 4182 3 

89
24665 25
0 1 1 1 1 1 0 0 0 0 
0 0 0 0 0 0 0 0 1 0 1 1 0 0 1 
4
85 0 8281 1 345 2 4185 3 

90
24666 26
0 1 1 1 1 1 0 0 0 0 
0 0 0 0 0 0 0 0 1 0 1 1 0 1 0 
4
89 0 8282 1 346 2 4186 3 

101
24677 0
0 1 1 1 1 1 0 0 0 0 
0 0 0 0 0 0 0 0 1 1 0 0 1 0 1 
4
85 0 8293 1 357 2 4197 3 

102
24678 38
0 1 1 1 1 1 0 0 0 0 
0 0 0 0 0 0 0 0 1 1 0 0 1 1 0 
4
101 0 8294 1 358 2 4198 3 

105
24681 0
0 1 1 1 1 1 0 0 0 0 
0 0 0 0 0 0 0 0 1 1 0 1 0 0 1 
4
101 0 8297 1 361 2 4201 3 

106
24682 0
0 1 1 1 1 1 0 0 0 0 
0 0 0 0 0 0 0 0 1 1 0 1 0 1 0 
4
105 0 8298 1 362 2 4202 3 

341
24661 0
0 0 0 0 0 0 0 0 0 0 
0 0 0 0 0 0 1 0 1 0 1 0 1 0 1 
1
85 2 

342
24662 22
0 0 0 0 0 0 0 0 0 0 
0 0 0 0 0 0 1 0 1 0 1 0 1 1 0 
2
341 0 86 2 

345
24665 25
0 0 0 0 0 0 0 0 0 0 
0 0 0 0 0 0 1 0 1 0 1 1 0 0 1 
2
341 0 89 2 

346
24666 26
0 0 0 0 0 0 0 0 0 0 
0 0 0 0 0 0 1 0 1 0 1 1 0 1 0 
2
345 0 90 2 

357
24677 0
0 0 0 0 0 0 0 0 0 0 
0 0 0 0 0 0 1 0 1 1 0 0 1 0 1 
2
341 0 101 2 

358
24678 38
0 0 0 0 0 0 0 0 0 0 
0 0 0 0 0 0 1 0 1 1 0 0 1 1 0 
2
357 0 102 2 

361
24681 0
0 0 0 0 0 0 0 0 0 0 
0 0 0 0 0 0 1 0 1 1 0 1 0 0 1 
2
357 0 105 2 

362
24682 0
0 0 0 0 0 0 0 0 0 0 
0 0 0 0 0 0 1 0 1 1 0 1 0 1 0 
2
361 0 106 2 

1365
1365 1365
0 0 0 0 0 0 0 0 0 0 
0 0 0 0 1 0 1 0 1 0 1 0 1 0 1 
1
341 2 

1366
1366 1366
0 0 0 0 0 0 0 0 0 0 
0 0 0 0 1 0 1 0 1 0 1 0 1 1 0 
2
1365 0 342 2 

1369
1369 1369
0 0 0 0 0 0 0 0 0 0 
0 0 0 0 1 0 1 0 1 0 1 1 0 0 1 
2
1365 0 345 2 

1370
1370 1370
0 0 0 0 0 0 0 0 0 0 
0 0 0 0 1 0 1 0 1 0 1 1 0 1 0 
2
1369 0 346 2 

1381
1381 1381
0 0 0 0 0 0 0 0 0 0 
0 0 0 0 1 0 1 0 1 1 0 0 1 0 1 
2
1365 0 357 2 

1382
1382 1382
0 0 0 0 0 0 0 0 0 0 
0 0 0 0 1 0 1 0 1 1 0 0 1 1 0 
2
1381 0 358 2 

1385
1385 1385
0 0 0 0 0 0 0 0 0 0 
0 0 0 0 1 0 1 0 1 1 0 1 0 0 1 
2
1381 0 361 2 

1386
1386 1386
0 0 0 0 0 0 0 0 0 0 
0 0 0 0 1 0 1 0 1 1 0 1 0 1 0 
2
1385 0 362 2 

1429
1429 1429
0 0 0 0 0 0 0 0 0 0 
0 0 0 0 1 0 1 1 0 0 1 0 1 0 1 
2
1365 0 2453 2 

1430
1430 1430
0 0 0 0 0 0 0 0 0 0 
0 0 0 0 1 0 1 1 0 0 1 0 1 1 0 
2
1366 0 2454 2 

1433
1433 1433
0 0 0 0 0 0 0 0 0 0 
0 0 0 0 1 0 1 1 0 0 1 1 0 0 1 
2
1369 0 2457 2 

1434
1434 1434
0 0 0 0 0 0 0 0 0 0 
0 0 0 0 1 0 1 1 0 0 1 1 0 1 0 
2
1370 0 2458 2 

1445
1445 1445
0 0 0 0 0 0 0 0 0 0 
0 0 0 0 1 0 1 1 0 1 0 0 1 0 1 
2
1381 0 2469 2 

1446
1446 1446
0 0 0 0 0 0 0 0 0 0 
0 0 0 0 1 0 1 1 0 1 0 0 1 1 0 
2
1382 0 2470 2 

1449
1449 1449
0 0 0 0 0 0 0 0 0 0 
0 0 0 0 1 0 1 1 0 1 0 1 0 0 1 
2
1385 0 2473 2 

1450
1450 1450
0 0 0 0 0 0 0 0 0 0 
0 0 0 0 1 0 1 1 0 1 0 1 0 1 0 
2
1386 0 2474 2 

1621
1621 1621
0 0 0 0 0 0 0 0 0 0 
0 0 0 0 1 1 0 0 1 0 1 0 1 0 1 
2
1365 0 2645 2 

1622
1622 1622
0 0 0 0 0 0 0 0 0 0 
0 0 0 0 1 1 0 0 1 0 1 0 1 1 0 
2
1366 0 2646 2 

1625
1625 1625
0 0 0 0 0 0 0 0 0 0 
0 0 0 0 1 1 0 0 1 0 1 1 0 0 1 
2
1369 0 2649 2 

1626
1626 1626
0 0 0 0 0 0 0 0 0 0 
0 0 0 0 1 1 0 0 1 0 1 1 0 1 0 
2
1370 0 2650 2 

1637
1637 1637
0 0 0 0 0 0 0 0 0 0 
0 0 0 0 1 1 0 0 1 1 0 0 1 0 1 
2
1381 0 2661 2 

1638
1638 1638
0 0 0 0 0 0 0 0 0 0 
0 0 0 0 1 1 0 0 1 1 0 0 1 1 0 
2
1382 0 2662 2 

1641
1641 1641
0 0 0 0 0 0 0 0 0 0 
0 0 0 0 1 1 0 0 1 1 0 1 0 0 1 
2
1385 0 2665 2 

1642
1642 1642
0 0 0 0 0 0 0 0 0 0 
0 0 0 0 1 1 0 0 1 1 0 1 0 1 0 
2
1386 0 2666 2 

1685
1685 1685
0 0 0 0 0 0 0 0 0 0 
0 0 0 0 1 1 0 1 0 0 1 0 1 0 1 
2
1621 0 2709 2 

1686
1686 1686
0 0 0 0 0 0 0 0 0 0 
0 0 0 0 1 1 0 1 0 0 1 0 1 1 0 
2
1622 0 2710 2 

1689
1689 1689
0 0 0 0 0 0 0 0 0 0 
0 0 0 0 1 1 0 1 0 0 1 1 0 0 1 
2
1625 0 2713 2 

1690
1690 1690
0 0 0 0 0 0 0 0 0 0 
0 0 0 0 1 1 0 1 0 0 1 1 0 1 0 
2
1626 0 2714 2 

1701
1701 1701
0 0 0 0 0 0 0 0 0 0 
0 0 0 0 1 1 0 1 0 1 0 0 1 0 1 
2
1637 0 2725 2 

1702
1702 1702
0 0 0 0 0 0 0 0 0 0 
0 0 0 0 1 1 0 1 0 1 0 0 1 1 0 
2
1638 0 2726 2 

1705
1705 1705
0 0 0 0 0 0 0 0 0 0 
0 0 0 0 1 1 0 1 0 1 0 1 0 0 1 
2
1641 0 2729 2 

1706
1706 1706
0 0 0 0 0 0 0 0 0 0 
0 0 0 0 1 1 0 1 0 1 0 1 0 1 0 
2
1642 0 2730 2 

2069
2069 0
1 0 0 0 0 0 0 0 0 0 
0 0 0 1 0 0 0 0 0 0 1 0 1 0 1 
2
2581 0 2085 2 

2070
2070 22
1 0 0 0 0 0 0 0 0 0 
0 0 0 1 0 0 0 0 0 0 1 0 1 1 0 
2
2582 0 2086 2 

2073
2073 25
1 0 0 0 0 0 0 0 0 0 
0 0 0 1 0 0 0 0 0 0 1 1 0 0 1 
2
2585 0 2089 2 

2074
2074 26
1 0 0 0 0 0 0 0 0 0 
0 0 0 1 0 0 0 0 0 0 1 1 0 1 0 
2
2586 0 2090 2 

2085
2085 0
1 0 0 0 0 0 0 0 0 0 
0 0 0 1 0 0 0 0 0 1 0 0 1 0 1 
2
2597 0 2089 2 

2086
2086 22
1 0 0 0 0 0 0 0 0 0 
0 0 0 1 0 0 0 0 0 1 0 0 1 1 0 
2
2598 0 2090 2 

2089
2089 0
1 0 0 0 0 0 0 0 0 0 
0 0 0 1 0 0 0 0 0 1 0 1 0 0 1 
2
2601 0 2090 2 

2090
2090 0
1 0 0 0 0 0 0 0 0 0 
0 0 0 1 0 0 0 0 0 1 0 1 0 1 0 
1
2602 0 

2133
2133 1429
0 0 0 0 0 0 0 0 0 0 
0 0 0 1 0 0 0 0 1 0 1 0 1 0 1 
2
85 0 2069 2 

2134
2134 1430
0 0 0 0 0 0 0 0 0 0 
0 0 0 1 0 0 0 0 1 0 1 0 1 1 0 
2
86 0 2070 2 

2137
2137 1433
0 0 0 0 0 0 0 0 0 0 
0 0 0 1 0 0 0 0 1 0 1 1 0 0 1 
2
89 0 2073 2 

2138
2138 1434
0 0 0 0 0 0 0 0 0 0 
0 0 0 1 0 0 0 0 1 0 1 1 0 1 0 
2
90 0 2074 2 

2149
2149 1445
0 0 0 0 0 0 0 0 0 0 
0 0 0 1 0 0 0 0 1 1 0 0 1 0 1 
2
101 0 2085 2 

2150
2150 1446
0 0 0 0 0 0 0 0 0 0 
0 0 0 1 0 0 0 0 1 1 0 0 1 1 0 
2
102 0 2086 2 

2153
2153 1449
0 0 0 0 0 0 0 0 0 0 
0 0 0 1 0 0 0 0 1 1 0 1 0 0 1 
2
105 0 2089 2 

2154
2154 1450
0 0 0 0 0 0 0 0 0 0 
0 0 0 1 0 0 0 0 1 1 0 1 0 1 0 
2
106 0 2090 2 

2389
2389 1429
0 0 0 0 0 0 0 0 0 0 
0 0 0 1 0 0 1 0 1 0 1 0 1 0 1 
2
341 0 2133 2 

2390
2390 1430
0 0 0 0 0 0 0 0 0 0 
0 0 0 1 0 0 1 0 1 0 1 0 1 1 0 
2
342 0 2134 2 

2393
2393 1433
0 0 0 0 0 0 0 0 0 0 
0 0 0 1 0 0 1 0 1 0 1 1 0 0 1 
2
345 0 2137 2 

2394
2394 1434
0 0 0 0 0 0 0 0 0 0 
0 0 0 1 0 0 1 0 1 0 1 1 0 1 0 
2
346 0 2138 2 

2405
2405 1445
0 0 0 0 0 0 0 0 0 0 
0 0 0 1 0 0 1 0 1 1 0 0 1 0 1 
2
357 0 2149 2 

2406
2406 1446
0 0 0 0 0 0 0 0 0 0 
0 0 0 1 0 0 1 0 1 1 0 0 1 1 0 
2
358 0 2150 2 

2409
2409 1449
0 0 0 0 0 0 0 0 0 0 
0 0 0 1 0 0 1 0 1 1 0 1 0 0 1 
2
361 0 2153 2 

2410
2410 1450
0 0 0 0 0 0 0 0 0 0 
0 0 0 1 0 0 1 0 1 1 0 1 0 1 0 
2
362 0 2154 2 

2453
2453 1429
0 0 0 0 0 0 0 0 0 0 
0 0 0 1 0 0 1 1 0 0 1 0 1 0 1 
2
2389 0 2709 2 

2454
2454 1430
0 0 0 0 0 0 0 0 0 0 
0 0 0 1 0 0 1 1 0 0 1 0 1 1 0 
2
2390 0 2710 2 

2457
2457 1433
0 0 0 0 0 0 0 0 0 0 
0 0 0 1 0 0 1 1 0 0 1 1 0 0 1 
2
2393 0 2713 2 

2458
2458 1434
0 0 0 0 0 0 0 0 0 0 
0 0 0 1 0 0 1 1 0 0 1 1 0 1 0 
2
2394 0 2714 2 

2469
2469 1445
0 0 0 0 0 0 0 0 0 0 
0 0 0 1 0 0 1 1 0 1 0 0 1 0 1 
2
2405 0 2725 2 

2470
2470 1446
0 0 0 0 0 0 0 0 0 0 
0 0 0 1 0 0 1 1 0 1 0 0 1 1 0 
2
2406 0 2726 2 

2473
2473 1449
0 0 0 0 0 0 0 0 0 0 
0 0 0 1 0 0 1 1 0 1 0 1 0 0 1 
2
2409 0 2729 2 

2474
2474 1450
0 0 0 0 0 0 0 0 0 0 
0 0 0 1 0 0 1 1 0 1 0 1 0 1 0 
2
2410 0 2730 2 

2581
2581 0
1 0 0 0 0 0 0 0 0 0 
0 0 0 1 0 1 0 0 0 0 1 0 1 0 1 
2
2709 0 2597 2 

2582
2582 22
1 0 0 0 0 0 0 0 0 0 
0 0 0 1 0 1 0 0 0 0 1 0 1 1 0 
2
2710 0 2598 2 

2585
2585 25
1 0 0 0 0 0 0 0 0 0 
0 0 0 1 0 1 0 0 0 0 1 1 0 0 1 
2
2713 0 2601 2 

2586
2586 26
1 0 0 0 0 0 0 0 0 0 
0 0 0 1 0 1 0 0 0 0 1 1 0 1 0 
2
2714 0 2602 2 

2597
2597 0
1 0 0 0 0 0 0 0 0 0 
0 0 0 1 0 1 0 0 0 1 0 0 1 0 1 
2
2725 0 2601 2 

2598
2726 22
1 0 0 0 0 0 0 0 0 0 
0 0 0 1 0 1 0 0 0 1 0 0 1 1 0 
2
2726 0 2602 2 

2601
2601 0
1 0 0 0 0 0 0 0 0 0 
0 0 0 1 0 1 0 0 0 1 0 1 0 0 1 
2
2729 0 2602 2 

2602
2602 0
1 0 0 0 0 0 0 0 0 0 
0 0 0 1 0 1 0 0 0 1 0 1 0 1 0 
1
2730 0 

2645
2645 1621
0 0 0 0 0 0 0 0 0 0 
0 0 0 1 0 1 0 0 1 0 1 0 1 0 1 
2
2133 0 2581 2 

2646
2646 1622
0 0 0 0 0 0 0 0 0 0 
0 0 0 1 0 1 0 0 1 0 1 0 1 1 0 
2
2134 0 2582 2 

2649
2649 1625
0 0 0 0 0 0 0 0 0 0 
0 0 0 1 0 1 0 0 1 0 1 1 0 0 1 
2
2137 0 2585 2 

2650
2650 1626
0 0 0 0 0 0 0 0 0 0 
0 0 0 1 0 1 0 0 1 0 1 1 0 1 0 
2
2138 0 2586 2 

2661
2661 1637
0 0 0 0 0 0 0 0 0 0 
0 0 0 1 0 1 0 0 1 1 0 0 1 0 1 
2
2149 0 2597 2 

2662
2662 1638
0 0 0 0 0 0 0 0 0 0 
0 0 0 1 0 1 0 0 1 1 0 0 1 1 0 
2
2150 0 2598 2 

2665
2665 1641
0 0 0 0 0 0 0 0 0 0 
0 0 0 1 0 1 0 0 1 1 0 1 0 0 1 
2
2153 0 2601 2 

2666
2666 1642
0 0 0 0 0 0 0 0 0 0 
0 0 0 1 0 1 0 0 1 1 0 1 0 1 0 
2
2154 0 2602 2 

2709
2581 0
0 0 0 0 0 0 0 0 0 0 
0 0 0 1 0 1 0 1 0 0 1 0 1 0 1 
2
2581 0 2725 2 

2710
2582 22
0 0 0 0 0 0 0 0 0 0 
0 0 0 1 0 1 0 1 0 0 1 0 1 1 0 
2
2582 0 2726 2 

2713
2585 25
0 0 0 0 0 0 0 0 0 0 
0 0 0 1 0 1 0 1 0 0 1 1 0 0 1 
2
2585 0 2729 2 

2714
2586 26
0 0 0 0 0 0 0 0 0 0 
0 0 0 1 0 1 0 1 0 0 1 1 0 1 0 
2
2586 0 2730 2 

2725
2597 0
0 0 0 0 0 0 0 0 0 0 
0 0 0 1 0 1 0 1 0 1 0 0 1 0 1 
2
2597 0 2729 2 

2726
2726 22
0 0 0 0 0 0 0 0 0 0 
0 0 0 1 0 1 0 1 0 1 0 0 1 1 0 
2
2598 0 2730 2 

2729
2601 0
0 0 0 0 0 0 0 0 0 0 
0 0 0 1 0 1 0 1 0 1 0 1 0 0 1 
2
2601 0 2730 2 

2730
2602 0
0 0 0 0 0 0 0 0 0 0 
0 0 0 1 0 1 0 1 0 1 0 1 0 1 0 
1
2602 0 

4096
4096 0
0 1 1 1 1 1 1 1 0 1 
0 0 1 0 0 0 0 0 0 0 0 0 0 0 0 
2
12288 1 4097 2 

4097
4097 0
0 1 1 1 1 1 1 1 0 1 
0 0 1 0 0 0 0 0 0 0 0 0 0 0 1 
2
12289 1 4101 2 

4101
4101 0
0 1 1 1 1 1 0 0 0 1 
0 0 1 0 0 0 0 0 0 0 0 0 1 0 1 
2
12293 1 4117 2 

4117
4117 0
0 1 1 1 1 1 0 0 0 1 
0 0 1 0 0 0 0 0 0 0 1 0 1 0 1 
2
12309 1 4181 2 

4118
4118 22
0 1 1 1 1 1 0 0 0 1 
0 0 1 0 0 0 0 0 0 0 1 0 1 1 0 
3
4117 0 12310 1 4182 2 

4121
4121 25
0 1 1 1 1 1 0 0 0 1 
0 0 1 0 0 0 0 0 0 0 1 1 0 0 1 
3
4117 0 12313 1 4185 2 

4122
4122 26
0 1 1 1 1 1 0 0 0 1 
0 0 1 0 0 0 0 0 0 0 1 1 0 1 0 
3
4121 0 12314 1 4186 2 

4128
4128 32
0 1 1 1 1 1 0 0 0 1 
0 0 1 0 0 0 0 0 0 1 0 0 0 0 0 
3
4096 0 12320 1 4129 2 

4129
4129 32
0 1 1 1 1 1 0 0 0 1 
0 0 1 0 0 0 0 0 0 1 0 0 0 0 1 
3
4097 0 12321 1 4133 2 

4133
4133 32
0 1 1 1 1 1 0 0 0 1 
0 0 1 0 0 0 0 0 0 1 0 0 1 0 1 
3
4101 0 12325 1 4197 2 

4134
4134 38
0 1 1 1 1 1 0 0 0 1 
0 0 1 0 0 0 0 0 0 1 0 0 1 1 0 
3
4133 0 12326 1 4198 2 

4136
4136 40
0 1 1 1 1 1 0 0 0 1 
0 0 1 0 0 0 0 0 0 1 0 1 0 0 0 
3
4128 0 12328 1 4137 2 

4137
4137 40
0 1 1 1 1 1 0 0 0 1 
0 0 1 0 0 0 0 0 0 1 0 1 0 0 1 
3
4129 0 12329 1 4201 2 

4138
4138 42
0 1 1 1 1 1 0 0 0 1 
0 0 1 0 0 0 0 0 0 1 0 1 0 1 0 
3
4136 0 12330 1 4202 2 

4181
24661 0
0 1 1 1 1 1 0 0 0 1 
0 0 1 0 0 0 0 0 1 0 1 0 1 0 1 
2
12373 1 4437 2 

4182
24662 22
0 1 1 1 1 1 0 0 0 1 
0 0 1 0 0 0 0 0 1 0 1 0 1 1 0 
3
4181 0 12374 1 4438 2 

4185
24665 25
0 1 1 1 1 1 0 0 0 1 
0 0 1 0 0 0 0 0 1 0 1 1 0 0 1 
3
4181 0 12377 1 4441 2 

4186
24666 26
0 1 1 1 1 1 0 0 0 1 
0 0 1 0 0 0 0 0 1 0 1 1 0 1 0 
3
4185 0 12378 1 4442 2 

4197
24677 0
0 1 1 1 1 1 0 0 0 1 
0 0 1 0 0 0 0 0 1 1 0 0 1 0 1 
3
4181 0 12389 1 4453 2 

4198
24678 38
0 1 1 1 1 1 0 0 0 1 
0 0 1 0 0 0 0 0 1 1 0 0 1 1 0 
3
4197 0 12390 1 4454 2 

4201
24681 0
0 1 1 1 1 1 0 0 0 1 
0 0 1 0 0 0 0 0 1 1 0 1 0 0 1 
3
4197 0 12393 1 4457 2 

4202
24682 0
0 1 1 1 1 1 0 0 0 1 
0 0 1 0 0 0 0 0 1 1 0 1 0 1 0 
3
4201 0 12394 1 4458 2 

4437
24661 0
0 0 0 0 0 0 0 0 0 1 
0 0 1 0 0 0 1 0 1 0 1 0 1 0 1 
2
4181 2 341 3 

4438
24662 22
0 0 0 0 0 0 0 0 0 1 
0 0 1 0 0 0 1 0 1 0 1 0 1 1 0 
3
4437 0 4182 2 342 3 

4441
24665 25
0 0 0 0 0 0 0 0 0 1 
0 0 1 0 0 0 1 0 1 0 1 1 0 0 1 
3
4437 0 4185 2 345 3 

4442
24666 26
0 0 0 0 0 0 0 0 0 1 
0 0 1 0 0 0 1 0 1 0 1 1 0 1 0 
3
4441 0 4186 2 346 3 

4453
24677 0
0 0 0 0 0 0 0 0 0 1 
0 0 1 0 0 0 1 0 1 1 0 0 1 0 1 
3
4437 0 4197 2 357 3 

4454
24678 38
0 0 0 0 0 0 0 0 0 1 
0 0 1 0 0 0 1 0 1 1 0 0 1 1 0 
3
4453 0 4198 2 358 3 

4457
24681 0
0 0 0 0 0 0 0 0 0 1 
0 0 1 0 0 0 1 0 1 1 0 1 0 0 1 
3
4453 0 4201 2 361 3 

4458
24682 0
0 0 0 0 0 0 0 0 0 1 
0 0 1 0 0 0 1 0 1 1 0 1 0 1 0 
3
4457 0 4202 2 362 3 

5461
5461 5461
0 0 0 0 0 0 0 0 0 1 
0 0 1 0 1 0 1 0 1 0 1 0 1 0 1 
2
4437 2 1365 3 

5462
5462 5462
0 0 0 0 0 0 0 0 0 1 
0 0 1 0 1 0 1 0 1 0 1 0 1 1 0 
3
5461 0 4438 2 1366 3 

5465
5465 5465
0 0 0 0 0 0 0 0 0 1 
0 0 1 0 1 0 1 0 1 0 1 1 0 0 1 
3
5461 0 4441 2 1369 3 

5466
5466 5466
0 0 0 0 0 0 0 0 0 1 
0 0 1 0 1 0 1 0 1 0 1 1 0 1 0 
3
5465 0 4442 2 1370 3 

5477
5477 5477
0 0 0 0 0 0 0 0 0 1 
0 0 1 0 1 0 1 0 1 1 0 0 1 0 1 
3
5461 0 4453 2 1381 3 

5478
5478 5478
0 0 0 0 0 0 0 0 0 1 
0 0 1 0 1 0 1 0 1 1 0 0 1 1 0 
3
5477 0 4454 2 1382 3 

5481
5481 5481
0 0 0 0 0 0 0 0 0 1 
0 0 1 0 1 0 1 0 1 1 0 1 0 0 1 
3
5477 0 4457 2 1385 3 

5482
5482 5482
0 0 0 0 0 0 0 0 0 1 
0 0 1 0 1 0 1 0 1 1 0 1 0 1 0 
3
5481 0 4458 2 1386 3 

5525
5525 5525
0 0 0 0 0 0 0 0 0 1 
0 0 1 0 1 0 1 1 0 0 1 0 1 0 1 
3
5461 0 6549 2 1429 3 

5526
5526 5526
0 0 0 0 0 0 0 0 0 1 
0 0 1 0 1 0 1 1 0 0 1 0 1 1 0 
3
5462 0 6550 2 1430 3 

5529
5529 5529
0 0 0 0 0 0 0 0 0 1 
0 0 1 0 1 0 1 1 0 0 1 1 0 0 1 
3
5465 0 6553 2 1433 3 

5530
5530 5530
0 0 0 0 0 0 0 0 0 1 
0 0 1 0 1 0 1 1 0 0 1 1 0 1 0 
3
5466 0 6554 2 1434 3 

5541
5541 5541
0 0 0 0 0 0 0 0 0 1 
0 0 1 0 1 0 1 1 0 1 0 0 1 0 1 
3
5477 0 6565 2 1445 3 

5542
5542 5542
0 0 0 0 0 0 0 0 0 1 
0 0 1 0 1 0 1 1 0 1 0 0 1 1 0 
3
5478 0 6566 2 1446 3 

5545
5545 5545
0 0 0 0 0 0 0 0 0 1 
0 0 1 0 1 0 1 1 0 1 0 1 0 0 1 
3
5481 0 6569 2 1449 3 

5546
5546 5546
0 0 0 0 0 0 0 0 0 1 
0 0 1 0 1 0 1 1 0 1 0 1 0 1 0 
3
5482 0 6570 2 1450 3 

5717
5717 5717
0 0 0 0 0 0 0 0 0 1 
0 0 1 0 1 1 0 0 1 0 1 0 1 0 1 
3
5461 0 6741 2 1621 3 

5718
5718 5718
0 0 0 0 0 0 0 0 0 1 
0 0 1 0 1 1 0 0 1 0 1 0 1 1 0 
3
5462 0 6742 2 1622 3 

5721
5721 5721
0 0 0 0 0 0 0 0 0 1 
0 0 1 0 1 1 0 0 1 0 1 1 0 0 1 
3
5465 0 6745 2 1625 3 

5722
5722 5722
0 0 0 0 0 0 0 0 0 1 
0 0 1 0 1 1 0 0 1 0 1 1 0 1 0 
3
5466 0 6746 2 1626 3 

5733
5733 5733
0 0 0 0 0 0 0 0 0 1 
0 0 1 0 1 1 0 0 1 1 0 0 1 0 1 
3
5477 0 6757 2 1637 3 

5734
5734 5734
0 0 0 0 0 0 0 0 0 1 
0 0 1 0 1 1 0 0 1 1 0 0 1 1 0 
3
5478 0 6758 2 1638 3 

5737
5737 5737
0 0 0 0 0 0 0 0 0 1 
0 0 1 0 1 1 0 0 1 1 0 1 0 0 1 
3
5481 0 6761 2 1641 3 

5738
5738 5738
0 0 0 0 0 0 0 0 0 1 
0 0 1 0 1 1 0 0 1 1 0 1 0 1 0 
3
5482 0 6762 2 1642 3 

5781
5781 5781
0 0 0 0 0 0 0 0 0 1 
0 0 1 0 1 1 0 1 0 0 1 0 1 0 1 
3
5717 0 6805 2 1685 3 

5782
5782 5782
0 0 0 0 0 0 0 0 0 1 
0 0 1 0 1 1 0 1 0 0 1 0 1 1 0 
3
5718 0 6806 2 1686 3 

5785
5785 5785
0 0 0 0 0 0 0 0 0 1 
0 0 1 0 1 1 0 1 0 0 1 1 0 0 1 
3
5721 0 6809 2 1689 3 

5786
5786 5786
0 0 0 0 0 0 0 0 0 1 
0 0 1 0 1 1 0 1 0 0 1 1 0 1 0 
3
5722 0 6810 2 1690 3 

5797
5797 5797
0 0 0 0 0 0 0 0 0 1 
0 0 1 0 1 1 0 1 0 1 0 0 1 0 1 
3
5733 0 6821 2 1701 3 

5798
5798 5798
0 0 0 0 0 0 0 0 0 1 
0 0 1 0 1 1 0 1 0 1 0 0 1 1 0 
3
5734 0 6822 2 1702 3 

5801
5801 5801
0 0 0 0 0 0 0 0 0 1 
0 0 1 0 1 1 0 1 0 1 0 1 0 0 1 
3
5737 0 6825 2 1705 3 

5802
5802 5802
0 0 0 0 0 0 0 0 0 1 
0 0 1 0 1 1 0 1 0 1 0 1 0 1 0 
3
5738 0 6826 2 1706 3 

6165
6165 0
1 0 0 0 0 0 0 0 0 1 
0 0 1 1 0 0 0 0 0 0 1 0 1 0 1 
3
6677 0 6181 2 2069 3 

6166
6166 22
1 0 0 0 0 0 0 0 0 1 
0 0 1 1 0 0 0 0 0 0 1 0 1 1 0 
3
6678 0 6182 2 2070 3 

6169
6169 25
1 0 0 0 0 0 0 0 0 1 
0 0 1 1 0 0 0 0 0 0 1 1 0 0 1 
3
6681 0 6185 2 2073 3 

6170
6170 26
1 0 0 0 0 0 0 0 0 1 
0 0 1 1 0 0 0 0 0 0 1 1 0 1 0 
3
6682 0 6186 2 2074 3 

6181
6181 0
1 0 0 0 0 0 0 0 0 1 
0 0 1 1 0 0 0 0 0 1 0 0 1 0 1 
3
6693 0 6185 2 2085 3 

6182
6182 22
1 0 0 0 0 0 0 0 0 1 
0 0 1 1 0 0 0 0 0 1 0 0 1 1 0 
3
6694 0 6186 2 2086 3 

6185
6185 0
1 0 0 0 0 0 0 0 0 1 
0 0 1 1 0 0 0 0 0 1 0 1 0 0 1 
3
6697 0 6186 2 2089 3 

6186
6186 0
1 0 0 0 0 0 0 0 0 1 
0 0 1 1 0 0 0 0 0 1 0 1 0 1 0 
2
6698 0 2090 3 

6229
6229 5525
0 0 0 0 0 0 0 0 0 1 
0 0 1 1 0 0 0 0 1 0 1 0 1 0 1 
3
4181 0 6165 2 2133 3 

6230
6230 5526
0 0 0 0 0 0 0 0 0 1 
0 0 1 1 0 0 0 0 1 0 1 0 1 1 0 
3
4182 0 6166 2 2134 3 

6233
6233 5529
0 0 0 0 0 0 0 0 0 1 
0 0 1 1 0 0 0 0 1 0 1 1 0 0 1 
3
4185 0 6169 2 2137 3 

6234
6234 5530
0 0 0 0 0 0 0 0 0 1 
0 0 1 1 0 0 0 0 1 0 1 1 0 1 0 
3
4186 0 6170 2 2138 3 

6245
6245 5541
0 0 0 0 0 0 0 0 0 1 
0 0 1 1 0 0 0 0 1 1 0 0 1 0 1 
3
4197 0 6181 2 2149 3 

6246
6246 5542
0 0 0 0 0 0 0 0 0 1 
0 0 1 1 0 0 0 0 1 1 0 0 1 1 0 
3
4198 0 6182 2 2150 3 

6249
6249 5545
0 0 0 0 0 0 0 0 0 1 
0 0 1 1 0 0 0 0 1 1 0 1 0 0 1 
3
4201 0 6185 2 2153 3 

6250
6250 5546
0 0 0 0 0 0 0 0 0 1 
0 0 1 1 0 0 0 0 1 1 0 1 0 1 0 
3
4202 0 6186 2 2154 3 

6485
6485 5525
0 0 0 0 0 0 0 0 0 1 
0 0 1 1 0 0 1 0 1 0 1 0 1 0 1 
3
4437 0 6229 2 2389 3 

6486
6486 5526
0 0 0 0 0 0 0 0 0 1 
0 0 1 1 0 0 1 0 1 0 1 0 1 1 0 
3
4438 0 6230 2 2390 3 

6489
6489 5529
0 0 0 0 0 0 0 0 0 1 
0 0 1 1 0 0 1 0 1 0 1 1 0 0 1 
3
4441 0 6233 2 2393 3 

6490
6490 5530
0 0 0 0 0 0 0 0 0 1 
0 0 1 1 0 0 1 0 1 0 1 1 0 1 0 
3
4442 0 6234 2 2394 3 

6501
6501 5541
0 0 0 0 0 0 0 0 0 1 
0 0 1 1 0 0 1 0 1 1 0 0 1 0 1 
3
4453 0 6245 2 2405 3 

6502
6502 5542
0 0 0 0 0 0 0 0 0 1 
0 0 1 1 0 0 1 0 1 1 0 0 1 1 0 
3
4454 0 6246 2 2406 3 

6505
6505 5545
0 0 0 0 0 0 0 0 0 1 
0 0 1 1 0 0 1 0 1 1 0 1 0 0 1 
3
4457 0 6249 2 2409 3 

6506
6506 5546
0 0 0 0 0 0 0 0 0 1 
0 0 1 1 0 0 1 0 1 1 0 1 0 1 0 
3
4458 0 6250 2 2410 3 

6549
6549 5525
0 0 0 0 0 0 0 0 0 1 
0 0 1 1 0 0 1 1 0 0 1 0 1 0 1 
3
6485 0 6805 2 2453 3 

6550
6550 5526
0 0 0 0 0 0 0 0 0 1 
0 0 1 1 0 0 1 1 0 0 1 0 1 1 0 
3
6486 0 6806 2 2454 3 

6553
6553 5529
0 0 0 0 0 0 0 0 0 1 
0 0 1 1 0 0 1 1 0 0 1 1 0 0 1 
3
6489 0 6809 2 2457 3 

6554
6554 5530
0 0 0 0 0 0 0 0 0 1 
0 0 1 1 0 0 1 1 0 0 1 1 0 1 0 
3
6490 0 6810 2 2458 3 

6565
6565 5541
0 0 0 0 0 0 0 0 0 1 
0 0 1 1 0 0 1 1 0 1 0 0 1 0 1 
3
6501 0 6821 2 2469 3 

6566
6566 5542
0 0 0 0 0 0 0 0 0 1 
0 0 1 1 0 0 1 1 0 1 0 0 1 1 0 
3
6502 0 6822 2 2470 3 

6569
6569 5545
0 0 0 0 0 0 0 0 0 1 
0 0 1 1 0 0 1 1 0 1 0 1 0 0 1 
3
6505 0 6825 2 2473 3 

6570
6570 5546
0 0 0 0 0 0 0 0 0 1 
0 0 1 1 0 0 1 1 0 1 0 1 0 1 0 
3
6506 0 6826 2 2474 3 

6677
6677 0
1 0 0 0 0 0 0 0 0 1 
0 0 1 1 0 1 0 0 0 0 1 0 1 0 1 
3
6805 0 6693 2 2581 3 

6678
6678 22
1 0 0 0 0 0 0 0 0 1 
0 0 1 1 0 1 0 0 0 0 1 0 1 1 0 
3
6806 0 6694 2 2582 3 

6681
6681 25
1 0 0 0 0 0 0 0 0 1 
0 0 1 1 0 1 0 0 0 0 1 1 0 0 1 
3
6809 0 6697 2 2585 3 

6682
6682 26
1 0 0 0 0 0 0 0 0 1 
0 0 1 1 0 1 0 0 0 0 1 1 0 1 0 
3
6810 0 6698 2 2586 3 

6693
6693 0
1 0 0 0 0 0 0 0 0 1 
0 0 1 1 0 1 0 0 0 1 0 0 1 0 1 
3
6821 0 6697 2 2597 3 

6694
6822 22
1 0 0 0 0 0 0 0 0 1 
0 0 1 1 0 1 0 0 0 1 0 0 1 1 0 
3
6822 0 6698 2 2598 3 

6697
6697 0
1 0 0 0 0 0 0 0 0 1 
0 0 1 1 0 1 0 0 0 1 0 1 0 0 1 
3
6825 0 6698 2 2601 3 

6698
6698 0
1 0 0 0 0 0 0 0 0 1 
0 0 1 1 0 1 0 0 0 1 0 1 0 1 0 
2
6826 0 2602 3 

6741
6741 5717
0 0 0 0 0 0 0 0 0 1 
0 0 1 1 0 1 0 0 1 0 1 0 1 0 1 
3
6229 0 6677 2 2645 3 

6742
6742 5718
0 0 0 0 0 0 0 0 0 1 
0 0 1 1 0 1 0 0 1 0 1 0 1 1 0 
3
6230 0 6678 2 2646 3 

6745
6745 5721
0 0 0 0 0 0 0 0 0 1 
0 0 1 1 0 1 0 0 1 0 1 1 0 0 1 
3
6233 0 6681 2 2649 3 

6746
6746 5722
0 0 0 0 0 0 0 0 0 1 
0 0 1 1 0 1 0 0 1 0 1 1 0 1 0 
3
6234 0 6682 2 2650 3 

6757
6757 5733
0 0 0 0 0 0 0 0 0 1 
0 0 1 1 0 1 0 0 1 1 0 0 1 0 1 
3
6245 0 6693 2 2661 3 

6758
6758 5734
0 0 0 0 0 0 0 0 0 1 
0 0 1 1 0 1 0 0 1 1 0 0 1 1 0 
3
6246 0 6694 2 2662 3 

6761
6761 5737
0 0 0 0 0 0 0 0 0 1 
0 0 1 1 0 1 0 0 1 1 0 1 0 0 1 
3
6249 0 6697 2 2665 3 

6762
6762 5738
0 0 0 0 0 0 0 0 0 1 
0 0 1 1 0 1 0 0 1 1 0 1 0 1 0 
3
6250 0 6698 2 2666 3 

6805
6677 0
0 0 0 0 0 0 0 0 0 1 
0 0 1 1 0 1 0 1 0 0 1 0 1 0 1 
3
6677 0 6821 2 2709 3 

6806
6678 22
0 0 0 0 0 0 0 0 0 1 
0 0 1 1 0 1 0 1 0 0 1 0 1 1 0 
3
6678 0 6822 2 2710 3 

6809
6681 25
0 0 0 0 0 0 0 0 0 1 
0 0 1 1 0 1 0 1 0 0 1 1 0 0 1 
3
6681 0 6825 2 2713 3 

6810
6682 26
0 0 0 0 0 0 0 0 0 1 
0 0 1 1 0 1 0 1 0 0 1 1 0 1 0 
3
6682 0 6826 2 2714 3 

6821
6693 0
0 0 0 0 0 0 0 0 0 1 
0 0 1 1 0 1 0 1 0 1 0 0 1 0 1 
3
6693 0 6825 2 2725 3 

6822
6822 22
0 0 0 0 0 0 0 0 0 1 
0 0 1 1 0 1 0 1 0 1 0 0 1 1 0 
3
6694 0 6826 2 2726 3 

6825
6697 0
0 0 0 0 0 0 0 0 0 1 
0 0 1 1 0 1 0 1 0 1 0 1 0 0 1 
3
6697 0 6826 2 2729 3 

6826
6698 0
0 0 0 0 0 0 0 0 0 1 
0 0 1 1 0 1 0 1 0 1 0 1 0 1 0 
2
6698 0 2730 3 

8192
8192 0
0 1 1 1 1 1 1 1 1 0 
0 1 0 0 0 0 0 0 0 0 0 0 0 0 0 
3
24576 1 8193 2 12288 3 

8193
8193 0
0 1 1 1 1 1 1 1 1 0 
0 1 0 0 0 0 0 0 0 0 0 0 0 0 1 
3
24577 1 8197 2 12289 3 

8197
8197 0
0 1 1 1 1 1 0 0 1 0 
0 1 0 0 0 0 0 0 0 0 0 0 1 0 1 
3
24581 1 8213 2 12293 3 

8213
8213 0
0 1 1 1 1 1 0 0 1 0 
0 1 0 0 0 0 0 0 0 0 1 0 1 0 1 
3
24597 1 8277 2 12309 3 

8214
8214 22
0 1 1 1 1 1 0 0 1 0 
0 1 0 0 0 0 0 0 0 0 1 0 1 1 0 
4
8213 0 24598 1 8278 2 12310 3 

8217
8217 25
0 1 1 1 1 1 0 0 1 0 
0 1 0 0 0 0 0 0 0 0 1 1 0 0 1 
4
8213 0 24601 1 8281 2 12313 3 

8218
8218 26
0 1 1 1 1 1 0 0 1 0 
0 1 0 0 0 0 0 0 0 0 1 1 0 1 0 
4
8217 0 24602 1 8282 2 12314 3 

8224
8224 32
0 1 1 1 1 1 0 0 1 0 
0 1 0 0 0 0 0 0 0 1 0 0 0 0 0 
4
8192 0 24608 1 8225 2 12320 3 

8225
8225 32
0 1 1 1 1 1 0 0 1 0 
0 1 0 0 0 0 0 0 0 1 0 0 0 0 1 
4
8193 0 24609 1 8229 2 12321 3 

8229
8229 32
0 1 1 1 1 1 0 0 1 0 
0 1 0 0 0 0 0 0 0 1 0 0 1 0 1 
4
8197 0 24613 1 8293 2 12325 3 

8230
8230 38
0 1 1 1 1 1 0 0 1 0 
0 1 0 0 0 0 0 0 0 1 0 0 1 1 0 
4
8229 0 24614 1 8294 2 12326 3 

8232
8232 40
0 1 1 1 1 1 0 0 1 0 
0 1 0 0 0 0 0 0 0 1 0 1 0 0 0 
4
8224 0 24616 1 8233 2 12328 3 

8233
8233 40
0 1 1 1 1 1 0 0 1 0 
0 1 0 0 0 0 0 0 0 1 0 1 0 0 1 
4
8225 0 24617 1 8297 2 12329 3 

8234
8234 42
0 1 1 1 1 1 0 0 1 0 
0 1 0 0 0 0 0 0 0 1 0 1 0 1 0 
4
8232 0 24618 1 8298 2 12330 3 

8277
24661 0
0 1 1 1 1 1 0 0 1 0 
0 1 0 0 0 0 0 0 1 0 1 0 1 0 1 
3
24661 1 8533 2 12373 3 

8278
24662 22
0 1 1 1 1 1 0 0 1 0 
0 1 0 0 0 0 0 0 1 0 1 0 1 1 0 
4
8277 0 24662 1 8534 2 12374 3 

8281
24665 25
0 1 1 1 1 1 0 0 1 0 
0 1 0 0 0 0 0 0 1 0 1 1 0 0 1 
4
8277 0 24665 1 8537 2 12377 3 

8282
24666 26
0 1 1 1 1 1 0 0 1 0 
0 1 0 0 0 0 0 0 1 0 1 1 0 1 0 
4
8281 0 24666 1 8538 2 12378 3 

8293
24677 0
0 1 1 1 1 1 0 0 1 0 
0 1 0 0 0 0 0 0 1 1 0 0 1 0 1 
4
8277 0 24677 1 8549 2 12389 3 

8294
24678 38
0 1 1 1 1 1 0 0 1 0 
0 1 0 0 0 0 0 0 1 1 0 0 1 1 0 
4
8293 0 24678 1 8550 2 12390 3 

8297
24681 0
0 1 1 1 1 1 0 0 1 0 
0 1 0 0 0 0 0 0 1 1 0 1 0 0 1 
4
8293 0 24681 1 8553 2 12393 3 

8298
24682 0
0 1 1 1 1 1 0 0 1 0 
0 1 0 0 0 0 0 0 1 1 0 1 0 1 0 
4
8297 0 24682 1 8554 2 12394 3 

8533
24661 0
0 0 0 0 0 0 0 0 1 0 
0 1 0 0 0 0 1 0 1 0 1 0 1 0 1 
2
341 1 8277 2 

8534
24662 22
0 0 0 0 0 0 0 0 1 0 
0 1 0 0 0 0 1 0 1 0 1 0 1 1 0 
3
8533 0 342 1 8278 2 

8537
24665 25
0 0 0 0 0 0 0 0 1 0 
0 1 0 0 0 0 1 0 1 0 1 1 0 0 1 
3
8533 0 345 1 8281 2 

8538
24666 26
0 0 0 0 0 0 0 0 1 0 
0 1 0 0 0 0 1 0 1 0 1 1 0 1 0 
3
8537 0 346 1 8282 2 

8549
24677 0
0 0 0 0 0 0 0 0 1 0 
0 1 0 0 0 0 1 0 1 1 0 0 1 0 1 
3
8533 0 357 1 8293 2 

8550
24678 38
0 0 0 0 0 0 0 0 1 0 
0 1 0 0 0 0 1 0 1 1 0 0 1 1 0 
3
8549 0 358 1 8294 2 

8553
24681 0
0 0 0 0 0 0 0 0 1 0 
0 1 0 0 0 0 1 0 1 1 0 1 0 0 1 
3
8549 0 361 1 8297 2 

8554
24682 0
0 0 0 0 0 0 0 0 1 0 
0 1 0 0 0 0 1 0 1 1 0 1 0 1 0 
3
8553 0 362 1 8298 2 

9557
9557 9557
0 0 0 0 0 0 0 0 1 0 
0 1 0 0 1 0 1 0 1 0 1 0 1 0 1 
2
1365 1 8533 2 

9558
9558 9558
0 0 0 0 0 0 0 0 1 0 
0 1 0 0 1 0 1 0 1 0 1 0 1 1 0 
3
9557 0 1366 1 8534 2 

9561
9561 9561
0 0 0 0 0 0 0 0 1 0 
0 1 0 0 1 0 1 0 1 0 1 1 0 0 1 
3
9557 0 1369 1 8537 2 

9562
9562 9562
0 0 0 0 0 0 0 0 1 0 
0 1 0 0 1 0 1 0 1 0 1 1 0 1 0 
3
9561 0 1370 1 8538 2 

9573
9573 9573
0 0 0 0 0 0 0 0 1 0 
0 1 0 0 1 0 1 0 1 1 0 0 1 0 1 
3
9557 0 1381 1 8549 2 

9574
9574 9574
0 0 0 0 0 0 0 0 1 0 
0 1 0 0 1 0 1 0 1 1 0 0 1 1 0 
3
9573 0 1382 1 8550 2 

9577
9577 9577
0 0 0 0 0 0 0 0 1 0 
0 1 0 0 1 0 1 0 1 1 0 1 0 0 1 
3
9573 0 1385 1 8553 2 

9578
9578 9578
0 0 0 0 0 0 0 0 1 0 
0 1 0 0 1 0 1 0 1 1 0 1 0 1 0 
3
9577 0 1386 1 8554 2 

9621
9621 9621
0 0 0 0 0 0 0 0 1 0 
0 1 0 0 1 0 1 1 0 0 1 0 1 0 1 
3
9557 0 1429 1 10645 2 

9622
9622 9622
0 0 0 0 0 0 0 0 1 0 
0 1 0 0 1 0 1 1 0 0 1 0 1 1 0 
3
9558 0 1430 1 10646 2 

9625
9625 9625
0 0 0 0 0 0 0 0 1 0 
0 1 0 0 1 0 1 1 0 0 1 1 0 0 1 
3
9561 0 1433 1 10649 2 

9626
9626 9626
0 0 0 0 0 0 0 0 1 0 
0 1 0 0 1 0 1 1 0 0 1 1 0 1 0 
3
9562 0 1434 1 10650 2 

9637
9637 9637
0 0 0 0 0 0 0 0 1 0 
0 1 0 0 1 0 1 1 0 1 0 0 1 0 1 
3
9573 0 1445 1 10661 2 

9638
9638 9638
0 0 0 0 0 0 0 0 1 0 
0 1 0 0 1 0 1 1 0 1 0 0 1 1 0 
3
9574 0 1446 1 10662 2 

9641
9641 9641
0 0 0 0 0 0 0 0 1 0 
0 1 0 0 1 0 1 1 0 1 0 1 0 0 1 
3
9577 0 1449 1 10665 2 

9642
9642 9642
0 0 0 0 0 0 0 0 1 0 
0 1 0 0 1 0 1 1 0 1 0 1 0 1 0 
3
9578 0 1450 1 10666 2 

9813
9813 9813
0 0 0 0 0 0 0 0 1 0 
0 1 0 0 1 1 0 0 1 0 1 0 1 0 1 
3
9557 0 1621 1 10837 2 

9814
9814 9814
0 0 0 0 0 0 0 0 1 0 
0 1 0 0 1 1 0 0 1 0 1 0 1 1 0 
3
9558 0 1622 1 10838 2 

9817
9817 9817
0 0 0 0 0 0 0 0 1 0 
0 1 0 0 1 1 0 0 1 0 1 1 0 0 1 
3
9561 0 1625 1 10841 2 

9818
9818 9818
0 0 0 0 0 0 0 0 1 0 
0 1 0 0 1 1 0 0 1 0 1 1 0 1 0 
3
9562 0 1626 1 10842 2 

9829
9829 9829
0 0 0 0 0 0 0 0 1 0 
0 1 0 0 1 1 0 0 1 1 0 0 1 0 1 
3
9573 0 1637 1 10853 2 

9830
9830 9830
0 0 0 0 0 0 0 0 1 0 
0 1 0 0 1 1 0 0 1 1 0 0 1 1 0 
3
9574 0 1638 1 10854 2 

9833
9833 9833
0 0 0 0 0 0 0 0 1 0 
0 1 0 0 1 1 0 0 1 1 0 1 0 0 1 
3
9577 0 1641 1 10857 2 

9834
9834 9834
0 0 0 0 0 0 0 0 1 0 
0 1 0 0 1 1 0 0 1 1 0 1 0 1 0 
3
9578 0 1642 1 10858 2 

9877
9877 9877
0 0 0 0 0 0 0 0 1 0 
0 1 0 0 1 1 0 1 0 0 1 0 1 0 1 
3
9813 0 1685 1 10901 2 

9878
9878 9878
0 0 0 0 0 0 0 0 1 0 
0 1 0 0 1 1 0 1 0 0 1 0 1 1 0 
3
9814 0 1686 1 10902 2 

9881
9881 9881
0 0 0 0 0 0 0 0 1 0 
0 1 0 0 1 1 0 1 0 0 1 1 0 0 1 
3
9817 0 1689 1 10905 2 

9882
9882 9882
0 0 0 0 0 0 0 0 1 0 
0 1 0 0 1 1 0 1 0 0 1 1 0 1 0 
3
9818 0 1690 1 10906 2 

9893
9893 9893
0 0 0 0 0 0 0 0 1 0 
0 1 0 0 1 1 0 1 0 1 0 0 1 0 1 
3
9829 0 1701 1 10917 2 

9894
9894 9894
0 0 0 0 0 0 0 0 1 0 
0 1 0 0 1 1 0 1 0 1 0 0 1 1 0 
3
9830 0 1702 1 10918 2 

9897
9897 9897
0 0 0 0 0 0 0 0 1 0 
0 1 0 0 1 1 0 1 0 1 0 1 0 0 1 
3
9833 0 1705 1 10921 2 

9898
9898 9898
0 0 0 0 0 0 0 0 1 0 
0 1 0 0 1 1 0 1 0 1 0 1 0 1 0 
3
9834 0 1706 1 10922 2 

10261
10261 0
1 0 0 0 0 0 0 0 1 0 
0 1 0 1 0 0 0 0 0 0 1 0 1 0 1 
3
10773 0 2069 1 10277 2 

10262
10262 22
1 0 0 0 0 0 0 0 1 0 
0 1 0 1 0 0 0 0 0 0 1 0 1 1 0 
3
10774 0 2070 1 10278 2 

10265
10265 25
1 0 0 0 0 0 0 0 1 0 
0 1 0 1 0 0 0 0 0 0 1 1 0 0 1 
3
10777 0 2073 1 10281 2 

10266
10266 26
1 0 0 0 0 0 0 0 1 0 
0 1 0 1 0 0 0 0 0 0 1 1 0 1 0 
3
10778 0 2074 1 10282 2 

10277
10277 0
1 0 0 0 0 0 0 0 1 0 
0 1 0 1 0 0 0 0 0 1 0 0 1 0 1 
3
10789 0 2085 1 10281 2 

10278
10278 22
1 0 0 0 0 0 0 0 1 0 
0 1 0 1 0 0 0 0 0 1 0 0 1 1 0 
3
10790 0 2086 1 10282 2 

10281
10281 0
1 0 0 0 0 0 0 0 1 0 
0 1 0 1 0 0 0 0 0 1 0 1 0 0 1 
3
10793 0 2089 1 10282 2 

10282
10282 0
1 0 0 0 0 0 0 0 1 0 
0 1 0 1 0 0 0 0 0 1 0 1 0 1 0 
2
10794 0 2090 1 

10325
10325 9621
0 0 0 0 0 0 0 0 1 0 
0 1 0 1 0 0 0 0 1 0 1 0 1 0 1 
3
8277 0 2133 1 10261 2 

10326
10326 9622
0 0 0 0 0 0 0 0 1 0 
0 1 0 1 0 0 0 0 1 0 1 0 1 1 0 
3
8278 0 2134 1 10262 2 

10329
10329 9625
0 0 0 0 0 0 0 0 1 0 
0 1 0 1 0 0 0 0 1 0 1 1 0 0 1 
3
8281 0 2137 1 10265 2 

10330
10330 9626
0 0 0 0 0 0 0 0 1 0 
0 1 0 1 0 0 0 0 1 0 1 1 0 1 0 
3
8282 0 2138 1 10266 2 

10341
10341 9637
0 0 0 0 0 0 0 0 1 0 
0 1 0 1 0 0 0 0 1 1 0 0 1 0 1 
3
8293 0 2149 1 10277 2 

10342
10342 9638
0 0 0 0 0 0 0 0 1 0 
0 1 0 1 0 0 0 0 1 1 0 0 1 1 0 
3
8294 0 2150 1 10278 2 

10345
10345 9641
0 0 0 0 0 0 0 0 1 0 
0 1 0 1 0 0 0 0 1 1 0 1 0 0 1 
3
8297 0 2153 1 10281 2 

10346
10346 9642
0 0 0 0 0 0 0 0 1 0 
0 1 0 1 0 0 0 0 1 1 0 1 0 1 0 
3
8298 0 2154 1 10282 2 

10581
10581 9621
0 0 0 0 0 0 0 0 1 0 
0 1 0 1 0 0 1 0 1 0 1 0 1 0 1 
3
8533 0 2389 1 10325 2 

10582
10582 9622
0 0 0 0 0 0 0 0 1 0 
0 1 0 1 0 0 1 0 1 0 1 0 1 1 0 
3
8534 0 2390 1 10326 2 

10585
10585 9625
0 0 0 0 0 0 0 0 1 0 
0 1 0 1 0 0 1 0 1 0 1 1 0 0 1 
3
8537 0 2393 1 10329 2 

10586
10586 9626
0 0 0 0 0 0 0 0 1 0 
0 1 0 1 0 0 1 0 1 0 1 1 0 1 0 
3
8538 0 2394 1 10330 2 

10597
10597 9637
0 0 0 0 0 0 0 0 1 0 
0 1 0 1 0 0 1 0 1 1 0 0 1 0 1 
3
8549 0 2405 1 10341 2 

10598
10598 9638
0 0 0 0 0 0 0 0 1 0 
0 1 0 1 0 0 1 0 1 1 0 0 1 1 0 
3
8550 0 2406 1 10342 2 

10601
10601 9641
0 0 0 0 0 0 0 0 1 0 
0 1 0 1 0 0 1 0 1 1 0 1 0 0 1 
3
8553 0 2409 1 10345 2 

10602
10602 9642
0 0 0 0 0 0 0 0 1 0 
0 1 0 1 0 0 1 0 1 1 0 1 0 1 0 
3
8554 0 2410 1 10346 2 

10645
10645 9621
0 0 0 0 0 0 0 0 1 0 
0 1 0 1 0 0 1 1 0 0 1 0 1 0 1 
3
10581 0 2453 1 10901 2 

10646
10646 9622
0 0 0 0 0 0 0 0 1 0 
0 1 0 1 0 0 1 1 0 0 1 0 1 1 0 
3
10582 0 2454 1 10902 2 

10649
10649 9625
0 0 0 0 0 0 0 0 1 0 
0 1 0 1 0 0 1 1 0 0 1 1 0 0 1 
3
10585 0 2457 1 10905 2 

10650
10650 9626
0 0 0 0 0 0 0 0 1 0 
0 1 0 1 0 0 1 1 0 0 1 1 0 1 0 
3
10586 0 2458 1 10906 2 

10661
10661 9637
0 0 0 0 0 0 0 0 1 0 
0 1 0 1 0 0 1 1 0 1 0 0 1 0 1 
3
10597 0 2469 1 10917 2 

10662
10662 9638
0 0 0 0 0 0 0 0 1 0 
0 1 0 1 0 0 1 1 0 1 0 0 1 1 0 
3
10598 0 2470 1 10918 2 

10665
10665 9641
0 0 0 0 0 0 0 0 1 0 
0 1 0 1 0 0 1 1 0 1 0 1 0 0 1 
3
10601 0 2473 1 10921 2 

10666
10666 9642
0 0 0 0 0 0 0 0 1 0 
0 1 0 1 0 0 1 1 0 1 0 1 0 1 0 
3
10602 0 2474 1 10922 2 

10773
10901 0
1 0 0 0 0 0 0 0 1 0 
0 1 0 1 0 1 0 0 0 0 1 0 1 0 1 
3
10901 0 2581 1 10789 2 

10774
10902 22
1 0 0 0 0 0 0 0 1 0 
0 1 0 1 0 1 0 0 0 0 1 0 1 1 0 
3
10902 0 2582 1 10790 2 

10777
10905 25
1 0 0 0 0 0 0 0 1 0 
0 1 0 1 0 1 0 0 0 0 1 1 0 0 1 
3
10905 0 2585 1 10793 2 

10778
10906 26
1 0 0 0 0 0 0 0 1 0 
0 1 0 1 0 1 0 0 0 0 1 1 0 1 0 
3
10906 0 2586 1 10794 2 

10789
10917 0
1 0 0 0 0 0 0 0 1 0 
0 1 0 1 0 1 0 0 0 1 0 0 1 0 1 
3
10917 0 2597 1 10793 2 

10790
10790 22
1 0 0 0 0 0 0 0 1 0 
0 1 0 1 0 1 0 0 0 1 0 0 1 1 0 
3
10918 0 2598 1 10794 2 

10793
10921 0
1 0 0 0 0 0 0 0 1 0 
0 1 0 1 0 1 0 0 0 1 0 1 0 0 1 
3
10921 0 2601 1 10794 2 

10794
10922 0
1 0 0 0 0 0 0 0 1 0 
0 1 0 1 0 1 0 0 0 1 0 1 0 1 0 
2
10922 0 2602 1 

10837
10837 9813
0 0 0 0 0 0 0 0 1 0 
0 1 0 1 0 1 0 0 1 0 1 0 1 0 1 
3
10325 0 2645 1 10773 2 

10838
10838 9814
0 0 0 0 0 0 0 0 1 0 
0 1 0 1 0 1 0 0 1 0 1 0 1 1 0 
3
10326 0 2646 1 10774 2 

10841
10841 9817
0 0 0 0 0 0 0 0 1 0 
0 1 0 1 0 1 0 0 1 0 1 1 0 0 1 
3
10329 0 2649 1 10777 2 

10842
10842 9818
0 0 0 0 0 0 0 0 1 0 
0 1 0 1 0 1 0 0 1 0 1 1 0 1 0 
3
10330 0 2650 1 10778 2 

10853
10853 9829
0 0 0 0 0 0 0 0 1 0 
0 1 0 1 0 1 0 0 1 1 0 0 1 0 1 
3
10341 0 2661 1 10789 2 

10854
10854 9830
0 0 0 0 0 0 0 0 1 0 
0 1 0 1 0 1 0 0 1 1 0 0 1 1 0 
3
10342 0 2662 1 10790 2 

10857
10857 9833
0 0 0 0 0 0 0 0 1 0 
0 1 0 1 0 1 0 0 1 1 0 1 0 0 1 
3
10345 0 2665 1 10793 2 

10858
10858 9834
0 0 0 0 0 0 0 0 1 0 
0 1 0 1 0 1 0 0 1 1 0 1 0 1 0 
3
10346 0 2666 1 10794 2 

10901
10901 0
0 0 0 0 0 0 0 0 1 0 
0 1 0 1 0 1 0 1 0 0 1 0 1 0 1 
3
10773 0 2709 1 10917 2 

10902
10902 22
0 0 0 0 0 0 0 0 1 0 
0 1 0 1 0 1 0 1 0 0 1 0 1 1 0 
3
10774 0 2710 1 10918 2 

10905
10905 25
0 0 0 0 0 0 0 0 1 0 
0 1 0 1 0 1 0 1 0 0 1 1 0 0 1 
3
10777 0 2713 1 10921 2 

10906
10906 26
0 0 0 0 0 0 0 0 1 0 
0 1 0 1 0 1 0 1 0 0 1 1 0 1 0 
3
10778 0 2714 1 10922 2 

10917
10917 0
0 0 0 0 0 0 0 0 1 0 
0 1 0 1 0 1 0 1 0 1 0 0 1 0 1 
3
10789 0 2725 1 10921 2 

10918
10790 22
0 0 0 0 0 0 0 0 1 0 
0 1 0 1 0 1 0 1 0 1 0 0 1 1 0 
3
10790 0 2726 1 10922 2 

10921
10921 0
0 0 0 0 0 0 0 0 1 0 
0 1 0 1 0 1 0 1 0 1 0 1 0 0 1 
3
10793 0 2729 1 10922 2 

10922
10922 0
0 0 0 0 0 0 0 0 1 0 
0 1 0 1 0 1 0 1 0 1 0 1 0 1 0 
2
10794 0 2730 1 

12288
12288 0
0 1 1 1 1 1 1 1 1 1 
0 1 1 0 0 0 0 0 0 0 0 0 0 0 0 
2
28672 1 12289 2 

12289
12289 0
0 1 1 1 1 1 1 1 1 1 
0 1 1 0 0 0 0 0 0 0 0 0 0 0 1 
2
28673 1 12293 2 

12293
12293 0
0 1 1 1 1 1 0 0 1 1 
0 1 1 0 0 0 0 0 0 0 0 0 1 0 1 
2
28677 1 12309 2 

12309
12309 0
0 1 1 1 1 1 0 0 1 1 
0 1 1 0 0 0 0 0 0 0 1 0 1 0 1 
2
28693 1 12373 2 

12310
12310 22
0 1 1 1 1 1 0 0 1 1 
0 1 1 0 0 0 0 0 0 0 1 0 1 1 0 
3
12309 0 28694 1 12374 2 

12313
12313 25
0 1 1 1 1 1 0 0 1 1 
0 1 1 0 0 0 0 0 0 0 1 1 0 0 1 
3
12309 0 28697 1 12377 2 

12314
12314 26
0 1 1 1 1 1 0 0 1 1 
0 1 1 0 0 0 0 0 0 0 1 1 0 1 0 
3
12313 0 28698 1 12378 2 

12320
12320 32
0 1 1 1 1 1 0 0 1 1 
0 1 1 0 0 0 0 0 0 1 0 0 0 0 0 
3
12288 0 28704 1 12321 2 

12321
12321 32
0 1 1 1 1 1 0 0 1 1 
0 1 1 0 0 0 0 0 0 1 0 0 0 0 1 
3
12289 0 28705 1 12325 2 

12325
12325 32
0 1 1 1 1 1 0 0 1 1 
0 1 1 0 0 0 0 0 0 1 0 0 1 0 1 
3
12293 0 28709 1 12389 2 

12326
12326 38
0 1 1 1 1 1 0 0 1 1 
0 1 1 0 0 0 0 0 0 1 0 0 1 1 0 
3
12325 0 28710 1 12390 2 

12328
12328 40
0 1 1 1 1 1 0 0 1 1 
0 1 1 0 0 0 0 0 0 1 0 1 0 0 0 
3
12320 0 28712 1 12329 2 

12329
12329 40
0 1 1 1 1 1 0 0 1 1 
0 1 1 0 0 0 0 0 0 1 0 1 0 0 1 
3
12321 0 28713 1 12393 2 

12330
12330 42
0 1 1 1 1 1 0 0 1 1 
0 1 1 0 0 0 0 0 0 1 0 1 0 1 0 
3
12328 0 28714 1 12394 2 

12373
24661 0
0 1 1 1 1 1 0 0 1 1 
0 1 1 0 0 0 0 0 1 0 1 0 1 0 1 
2
28757 1 12629 2 

12374
24662 22
0 1 1 1 1 1 0 0 1 1 
0 1 1 0 0 0 0 0 1 0 1 0 1 1 0 
3
12373 0 28758 1 12630 2 

12377
24665 25
0 1 1 1 1 1 0 0 1 1 
0 1 1 0 0 0 0 0 1 0 1 1 0 0 1 
3
12373 0 28761 1 12633 2 

12378
24666 26
0 1 1 1 1 1 0 0 1 1 
0 1 1 0 0 0 0 0 1 0 1 1 0 1 0 
3
12377 0 28762 1 12634 2 

12389
24677 0
0 1 1 1 1 1 0 0 1 1 
0 1 1 0 0 0 0 0 1 1 0 0 1 0 1 
3
12373 0 28773 1 12645 2 

12390
24678 38
0 1 1 1 1 1 0 0 1 1 
0 1 1 0 0 0 0 0 1 1 0 0 1 1 0 
3
12389 0 28774 1 12646 2 

12393
24681 0
0 1 1 1 1 1 0 0 1 1 
0 1 1 0 0 0 0 0 1 1 0 1 0 0 1 
3
12389 0 28777 1 12649 2 

12394
24682 0
0 1 1 1 1 1 0 0 1 1 
0 1 1 0 0 0 0 0 1 1 0 1 0 1 0 
3
12393 0 28778 1 12650 2 

12629
24661 0
0 0 0 0 0 0 0 0 1 1 
0 1 1 0 0 0 1 0 1 0 1 0 1 0 1 
3
4437 1 12373 2 8533 3 

12630
24662 22
0 0 0 0 0 0 0 0 1 1 
0 1 1 0 0 0 1 0 1 0 1 0 1 1 0 
4
12629 0 4438 1 12374 2 8534 3 

12633
24665 25
0 0 0 0 0 0 0 0 1 1 
0 1 1 0 0 0 1 0 1 0 1 1 0 0 1 
4
12629 0 4441 1 12377 2 8537 3 

12634
24666 26
0 0 0 0 0 0 0 0 1 1 
0 1 1 0 0 0 1 0 1 0 1 1 0 1 0 
4
12633 0 4442 1 12378 2 8538 3 

12645
24677 0
0 0 0 0 0 0 0 0 1 1 
0 1 1 0 0 0 1 0 1 1 0 0 1 0 1 
4
12629 0 4453 1 12389 2 8549 3 

12646
24678 38
0 0 0 0 0 0 0 0 1 1 
0 1 1 0 0 0 1 0 1 1 0 0 1 1 0 
4
12645 0 4454 1 12390 2 8550 3 

12649
24681 0
0 0 0 0 0 0 0 0 1 1 
0 1 1 0 0 0 1 0 1 1 0 1 0 0 1 
4
12645 0 4457 1 12393 2 8553 3 

12650
24682 0
0 0 0 0 0 0 0 0 1 1 
0 1 1 0 0 0 1 0 1 1 0 1 0 1 0 
4
12649 0 4458 1 12394 2 8554 3 

13653
13653 13653
0 0 0 0 0 0 0 0 1 1 
0 1 1 0 1 0 1 0 1 0 1 0 1 0 1 
3
5461 1 12629 2 9557 3 

13654
13654 13654
0 0 0 0 0 0 0 0 1 1 
0 1 1 0 1 0 1 0 1 0 1 0 1 1 0 
4
13653 0 5462 1 12630 2 9558 3 

13657
13657 13657
0 0 0 0 0 0 0 0 1 1 
0 1 1 0 1 0 1 0 1 0 1 1 0 0 1 
4
13653 0 5465 1 12633 2 9561 3 

13658
13658 13658
0 0 0 0 0 0 0 0 1 1 
0 1 1 0 1 0 1 0 1 0 1 1 0 1 0 
4
13657 0 5466 1 12634 2 9562 3 

13669
13669 13669
0 0 0 0 0 0 0 0 1 1 
0 1 1 0 1 0 1 0 1 1 0 0 1 0 1 
4
13653 0 5477 1 12645 2 9573 3 

13670
13670 13670
0 0 0 0 0 0 0 0 1 1 
0 1 1 0 1 0 1 0 1 1 0 0 1 1 0 
4
13669 0 5478 1 12646 2 9574 3 

13673
13673 13673
0 0 0 0 0 0 0 0 1 1 
0 1 1 0 1 0 1 0 1 1 0 1 0 0 1 
4
13669 0 5481 1 12649 2 9577 3 

13674
13674 13674
0 0 0 0 0 0 0 0 1 1 
0 1 1 0 1 0 1 0 1 1 0 1 0 1 0 
4
13673 0 5482 1 12650 2 9578 3 

13717
13717 13717
0 0 0 0 0 0 0 0 1 1 
0 1 1 0 1 0 1 1 0 0 1 0 1 0 1 
4
13653 0 5525 1 14741 2 9621 3 

13718
13718 13718
0 0 0 0 0 0 0 0 1 1 
0 1 1 0 1 0 1 1 0 0 1 0 1 1 0 
4
13654 0 5526 1 14742 2 9622 3 

13721
13721 13721
0 0 0 0 0 0 0 0 1 1 
0 1 1 0 1 0 1 1 0 0 1 1 0 0 1 
4
13657 0 5529 1 14745 2 9625 3 

13722
13722 13722
0 0 0 0 0 0 0 0 1 1 
0 1 1 0 1 0 1 1 0 0 1 1 0 1 0 
4
13658 0 5530 1 14746 2 9626 3 

13733
13733 13733
0 0 0 0 0 0 0 0 1 1 
0 1 1 0 1 0 1 1 0 1 0 0 1 0 1 
4
13669 0 5541 1 14757 2 9637 3 

13734
13734 13734
0 0 0 0 0 0 0 0 1 1 
0 1 1 0 1 0 1 1 0 1 0 0 1 1 0 
4
13670 0 5542 1 14758 2 9638 3 

13737
13737 13737
0 0 0 0 0 0 0 0 1 1 
0 1 1 0 1 0 1 1 0 1 0 1 0 0 1 
4
13673 0 5545 1 14761 2 9641 3 

13738
13738 13738
0 0 0 0 0 0 0 0 1 1 
0 1 1 0 1 0 1 1 0 1 0 1 0 1 0 
4
13674 0 5546 1 14762 2 9642 3 

13909
13909 13909
0 0 0 0 0 0 0 0 1 1 
0 1 1 0 1 1 0 0 1 0 1 0 1 0 1 
4
13653 0 5717 1 14933 2 9813 3 

13910
13910 13910
0 0 0 0 0 0 0 0 1 1 
0 1 1 0 1 1 0 0 1 0 1 0 1 1 0 
4
13654 0 5718 1 14934 2 9814 3 

13913
13913 13913
0 0 0 0 0 0 0 0 1 1 
0 1 1 0 1 1 0 0 1 0 1 1 0 0 1 
4
13657 0 5721 1 14937 2 9817 3 

13914
13914 13914
0 0 0 0 0 0 0 0 1 1 
0 1 1 0 1 1 0 0 1 0 1 1 0 1 0 
4
13658 0 5722 1 14938 2 9818 3 

13925
13925 13925
0 0 0 0 0 0 0 0 1 1 
0 1 1 0 1 1 0 0 1 1 0 0 1 0 1 
4
13669 0 5733 1 14949 2 9829 3 

13926
13926 13926
0 0 0 0 0 0 0 0 1 1 
0 1 1 0 1 1 0 0 1 1 0 0 1 1 0 
4
13670 0 5734 1 14950 2 9830 3 

13929
13929 13929
0 0 0 0 0 0 0 0 1 1 
0 1 1 0 1 1 0 0 1 1 0 1 0 0 1 
4
13673 0 5737 1 14953 2 9833 3 

13930
13930 13930
0 0 0 0 0 0 0 0 1 1 
0 1 1 0 1 1 0 0 1 1 0 1 0 1 0 
4
13674 0 5738 1 14954 2 9834 3 

13973
13973 13973
0 0 0 0 0 0 0 0 1 1 
0 1 1 0 1 1 0 1 0 0 1 0 1 0 1 
4
13909 0 5781 1 14997 2 9877 3 

13974
13974 13974
0 0 0 0 0 0 0 0 1 1 
0 1 1 0 1 1 0 1 0 0 1 0 1 1 0 
4
13910 0 5782 1 14998 2 9878 3 

13977
13977 13977
0 0 0 0 0 0 0 0 1 1 
0 1 1 0 1 1 0 1 0 0 1 1 0 0 1 
4
13913 0 5785 1 15001 2 9881 3 

13978
13978 13978
0 0 0 0 0 0 0 0 1 1 
0 1 1 0 1 1 0 1 0 0 1 1 0 1 0 
4
13914 0 5786 1 15002 2 9882 3 

13989
13989 13989
0 0 0 0 0 0 0 0 1 1 
0 1 1 0 1 1 0 1 0 1 0 0 1 0 1 
4
13925 0 5797 1 15013 2 9893 3 

13990
13990 13990
0 0 0 0 0 0 0 0 1 1 
0 1 1 0 1 1 0 1 0 1 0 0 1 1 0 
4
13926 0 5798 1 15014 2 9894 3 

13993
13993 13993
0 0 0 0 0 0 0 0 1 1 
0 1 1 0 1 1 0 1 0 1 0 1 0 0 1 
4
13929 0 5801 1 15017 2 9897 3 

13994
13994 13994
0 0 0 0 0 0 0 0 1 1 
0 1 1 0 1 1 0 1 0 1 0 1 0 1 0 
4
13930 0 5802 1 15018 2 9898 3 

14357
14357 0
1 0 0 0 0 0 0 0 1 1 
0 1 1 1 0 0 0 0 0 0 1 0 1 0 1 
4
14869 0 6165 1 14373 2 10261 3 

14358
14358 22
1 0 0 0 0 0 0 0 1 1 
0 1 1 1 0 0 0 0 0 0 1 0 1 1 0 
4
14870 0 6166 1 14374 2 10262 3 

14361
14361 25
1 0 0 0 0 0 0 0 1 1 
0 1 1 1 0 0 0 0 0 0 1 1 0 0 1 
4
14873 0 6169 1 14377 2 10265 3 

14362
14362 26
1 0 0 0 0 0 0 0 1 1 
0 1 1 1 0 0 0 0 0 0 1 1 0 1 0 
4
14874 0 6170 1 14378 2 10266 3 

14373
14373 0
1 0 0 0 0 0 0 0 1 1 
0 1 1 1 0 0 0 0 0 1 0 0 1 0 1 
4
14885 0 6181 1 14377 2 10277 3 

14374
14374 22
1 0 0 0 0 0 0 0 1 1 
0 1 1 1 0 0 0 0 0 1 0 0 1 1 0 
4
14886 0 6182 1 14378 2 10278 3 

14377
14377 0
1 0 0 0 0 0 0 0 1 1 
0 1 1 1 0 0 0 0 0 1 0 1 0 0 1 
4
14889 0 6185 1 14378 2 10281 3 

14378
14378 0
1 0 0 0 0 0 0 0 1 1 
0 1 1 1 0 0 0 0 0 1 0 1 0 1 0 
3
14890 0 6186 1 10282 3 

14421
14421 13717
0 0 0 0 0 0 0 0 1 1 
0 1 1 1 0 0 0 0 1 0 1 0 1 0 1 
4
12373 0 6229 1 14357 2 10325 3 

14422
14422 13718
0 0 0 0 0 0 0 0 1 1 
0 1 1 1 0 0 0 0 1 0 1 0 1 1 0 
4
12374 0 6230 1 14358 2 10326 3 

14425
14425 13721
0 0 0 0 0 0 0 0 1 1 
0 1 1 1 0 0 0 0 1 0 1 1 0 0 1 
4
12377 0 6233 1 14361 2 10329 3 

14426
14426 13722
0 0 0 0 0 0 0 0 1 1 
0 1 1 1 0 0 0 0 1 0 1 1 0 1 0 
4
12378 0 6234 1 14362 2 10330 3 

14437
14437 13733
0 0 0 0 0 0 0 0 1 1 
0 1 1 1 0 0 0 0 1 1 0 0 1 0 1 
4
12389 0 6245 1 14373 2 10341 3 

14438
14438 13734
0 0 0 0 0 0 0 0 1 1 
0 1 1 1 0 0 0 0 1 1 0 0 1 1 0 
4
12390 0 6246 1 14374 2 10342 3 

14441
14441 13737
0 0 0 0 0 0 0 0 1 1 
0 1 1 1 0 0 0 0 1 1 0 1 0 0 1 
4
12393 0 6249 1 14377 2 10345 3 

14442
14442 13738
0 0 0 0 0 0 0 0 1 1 
0 1 1 1 0 0 0 0 1 1 0 1 0 1 0 
4
12394 0 6250 1 14378 2 10346 3 

14677
14677 13717
0 0 0 0 0 0 0 0 1 1 
0 1 1 1 0 0 1 0 1 0 1 0 1 0 1 
4
12629 0 6485 1 14421 2 10581 3 

14678
14678 13718
0 0 0 0 0 0 0 0 1 1 
0 1 1 1 0 0 1 0 1 0 1 0 1 1 0 
4
12630 0 6486 1 14422 2 10582 3 

14681
14681 13721
0 0 0 0 0 0 0 0 1 1 
0 1 1 1 0 0 1 0 1 0 1 1 0 0 1 
4
12633 0 6489 1 14425 2 10585 3 

14682
14682 13722
0 0 0 0 0 0 0 0 1 1 
0 1 1 1 0 0 1 0 1 0 1 1 0 1 0 
4
12634 0 6490 1 14426 2 10586 3 

14693
14693 13733
0 0 0 0 0 0 0 0 1 1 
0 1 1 1 0 0 1 0 1 1 0 0 1 0 1 
4
12645 0 6501 1 14437 2 10597 3 

14694
14694 13734
0 0 0 0 0 0 0 0 1 1 
0 1 1 1 0 0 1 0 1 1 0 0 1 1 0 
4
12646 0 6502 1 14438 2 10598 3 

14697
14697 13737
0 0 0 0 0 0 0 0 1 1 
0 1 1 1 0 0 1 0 1 1 0 1 0 0 1 
4
12649 0 6505 1 14441 2 10601 3 

14698
14698 13738
0 0 0 0 0 0 0 0 1 1 
0 1 1 1 0 0 1 0 1 1 0 1 0 1 0 
4
12650 0 6506 1 14442 2 10602 3 

14741
14741 13717
0 0 0 0 0 0 0 0 1 1 
0 1 1 1 0 0 1 1 0 0 1 0 1 0 1 
4
14677 0 6549 1 14997 2 10645 3 

14742
14742 13718
0 0 0 0 0 0 0 0 1 1 
0 1 1 1 0 0 1 1 0 0 1 0 1 1 0 
4
14678 0 6550 1 14998 2 10646 3 

14745
14745 13721
0 0 0 0 0 0 0 0 1 1 
0 1 1 1 0 0 1 1 0 0 1 1 0 0 1 
4
14681 0 6553 1 15001 2 10649 3 

14746
14746 13722
0 0 0 0 0 0 0 0 1 1 
0 1 1 1 0 0 1 1 0 0 1 1 0 1 0 
4
14682 0 6554 1 15002 2 10650 3 

14757
14757 13733
0 0 0 0 0 0 0 0 1 1 
0 1 1 1 0 0 1 1 0 1 0 0 1 0 1 
4
14693 0 6565 1 15013 2 10661 3 

14758
14758 13734
0 0 0 0 0 0 0 0 1 1 
0 1 1 1 0 0 1 1 0 1 0 0 1 1 0 
4
14694 0 6566 1 15014 2 10662 3 

14761
14761 13737
0 0 0 0 0 0 0 0 1 1 
0 1 1 1 0 0 1 1 0 1 0 1 0 0 1 
4
14697 0 6569 1 15017 2 10665 3 

14762
14762 13738
0 0 0 0 0 0 0 0 1 1 
0 1 1 1 0 0 1 1 0 1 0 1 0 1 0 
4
14698 0 6570 1 15018 2 10666 3 

14869
14997 0
1 0 0 0 0 0 0 0 1 1 
0 1 1 1 0 1 0 0 0 0 1 0 1 0 1 
4
14997 0 6677 1 14885 2 10773 3 

14870
14998 22
1 0 0 0 0 0 0 0 1 1 
0 1 1 1 0 1 0 0 0 0 1 0 1 1 0 
4
14998 0 6678 1 14886 2 10774 3 

14873
15001 25
1 0 0 0 0 0 0 0 1 1 
0 1 1 1 0 1 0 0 0 0 1 1 0 0 1 
4
15001 0 6681 1 14889 2 10777 3 

14874
15002 26
1 0 0 0 0 0 0 0 1 1 
0 1 1 1 0 1 0 0 0 0 1 1 0 1 0 
4
15002 0 6682 1 14890 2 10778 3 

14885
15013 0
1 0 0 0 0 0 0 0 1 1 
0 1 1 1 0 1 0 0 0 1 0 0 1 0 1 
4
15013 0 6693 1 14889 2 10789 3 

14886
14886 22
1 0 0 0 0 0 0 0 1 1 
0 1 1 1 0 1 0 0 0 1 0 0 1 1 0 
4
15014 0 6694 1 14890 2 10790 3 

14889
15017 0
1 0 0 0 0 0 0 0 1 1 
0 1 1 1 0 1 0 0 0 1 0 1 0 0 1 
4
15017 0 6697 1 14890 2 10793 3 

14890
15018 0
1 0 0 0 0 0 0 0 1 1 
0 1 1 1 0 1 0 0 0 1 0 1 0 1 0 
3
15018 0 6698 1 10794 3 

14933
14933 13909
0 0 0 0 0 0 0 0 1 1 
0 1 1 1 0 1 0 0 1 0 1 0 1 0 1 
4
14421 0 6741 1 14869 2 10837 3 

14934
14934 13910
0 0 0 0 0 0 0 0 1 1 
0 1 1 1 0 1 0 0 1 0 1 0 1 1 0 
4
14422 0 6742 1 14870 2 10838 3 

14937
14937 13913
0 0 0 0 0 0 0 0 1 1 
0 1 1 1 0 1 0 0 1 0 1 1 0 0 1 
4
14425 0 6745 1 14873 2 10841 3 

14938
14938 13914
0 0 0 0 0 0 0 0 1 1 
0 1 1 1 0 1 0 0 1 0 1 1 0 1 0 
4
14426 0 6746 1 14874 2 10842 3 

14949
14949 13925
0 0 0 0 0 0 0 0 1 1 
0 1 1 1 0 1 0 0 1 1 0 0 1 0 1 
4
14437 0 6757 1 14885 2 10853 3 

14950
14950 13926
0 0 0 0 0 0 0 0 1 1 
0 1 1 1 0 1 0 0 1 1 0 0 1 1 0 
4
14438 0 6758 1 14886 2 10854 3 

14953
14953 13929
0 0 0 0 0 0 0 0 1 1 
0 1 1 1 0 1 0 0 1 1 0 1 0 0 1 
4
14441 0 6761 1 14889 2 10857 3 

14954
14954 13930
0 0 0 0 0 0 0 0 1 1 
0 1 1 1 0 1 0 0 1 1 0 1 0 1 0 
4
14442 0 6762 1 14890 2 10858 3 

14997
14997 0
0 0 0 0 0 0 0 0 1 1 
0 1 1 1 0 1 0 1 0 0 1 0 1 0 1 
4
14869 0 6805 1 15013 2 10901 3 

14998
14998 22
0 0 0 0 0 0 0 0 1 1 
0 1 1 1 0 1 0 1 0 0 1 0 1 1 0 
4
14870 0 6806 1 15014 2 10902 3 

15001
15001 25
0 0 0 0 0 0 0 0 1 1 
0 1 1 1 0 1 0 1 0 0 1 1 0 0 1 
4
14873 0 6809 1 15017 2 10905 3 

15002
15002 26
0 0 0 0 0 0 0 0 1 1 
0 1 1 1 0 1 0 1 0 0 1 1 0 1 0 
4
14874 0 6810 1 15018 2 10906 3 

15013
15013 0
0 0 0 0 0 0 0 0 1 1 
0 1 1 1 0 1 0 1 0 1 0 0 1 0 1 
4
14885 0 6821 1 15017 2 10917 3 

15014
14886 22
0 0 0 0 0 0 0 0 1 1 
0 1 1 1 0 1 0 1 0 1 0 0 1 1 0 
4
14886 0 6822 1 15018 2 10918 3 

15017
15017 0
0 0 0 0 0 0 0 0 1 1 
0 1 1 1 0 1 0 1 0 1 0 1 0 0 1 
4
14889 0 6825 1 15018 2 10921 3 

15018
15018 0
0 0 0 0 0 0 0 0 1 1 
0 1 1 1 0 1 0 1 0 1 0 1 0 1 0 
3
14890 0 6826 1 10922 3 

24576
24576 0
1 1 1 1 1 1 1 1 1 0 
1 1 0 0 0 0 0 0 0 0 0 0 0 0 0 
3
24608 0 24577 2 28672 3 

24577
24577 0
1 1 1 1 1 1 1 1 1 0 
1 1 0 0 0 0 0 0 0 0 0 0 0 0 1 
3
24609 0 24581 2 28673 3 

24581
24581 0
1 1 1 1 1 1 0 0 1 0 
1 1 0 0 0 0 0 0 0 0 0 0 1 0 1 
3
24613 0 24597 2 28677 3 

24597
24597 0
1 1 1 1 1 1 0 0 1 0 
1 1 0 0 0 0 0 0 0 0 1 0 1 0 1 
3
26645 0 24661 2 28693 3 

24598
24598 22
1 1 1 1 1 1 0 0 1 0 
1 1 0 0 0 0 0 0 0 0 1 0 1 1 0 
3
26646 0 24662 2 28694 3 

24601
24601 25
1 1 1 1 1 1 0 0 1 0 
1 1 0 0 0 0 0 0 0 0 1 1 0 0 1 
3
26649 0 24665 2 28697 3 

24602
24602 26
1 1 1 1 1 1 0 0 1 0 
1 1 0 0 0 0 0 0 0 0 1 1 0 1 0 
3
26650 0 24666 2 28698 3 

24608
24608 0
1 1 1 1 1 1 0 0 1 0 
1 1 0 0 0 0 0 0 0 1 0 0 0 0 0 
3
24616 0 24609 2 28704 3 

24609
24609 0
1 1 1 1 1 1 0 0 1 0 
1 1 0 0 0 0 0 0 0 1 0 0 0 0 1 
3
24617 0 24613 2 28705 3 

24613
24613 0
1 1 1 1 1 1 0 0 1 0 
1 1 0 0 0 0 0 0 0 1 0 0 1 0 1 
3
26661 0 24677 2 28709 3 

24614
24614 38
1 1 1 1 1 1 0 0 1 0 
1 1 0 0 0 0 0 0 0 1 0 0 1 1 0 
3
26662 0 24678 2 28710 3 

24616
24616 0
1 1 1 1 1 1 0 0 1 0 
1 1 0 0 0 0 0 0 0 1 0 1 0 0 0 
3
24618 0 24617 2 28712 3 

24617
24617 0
1 1 1 1 1 1 0 0 1 0 
1 1 0 0 0 0 0 0 0 1 0 1 0 0 1 
3
26665 0 24681 2 28713 3 

24618
24618 0
1 1 1 1 1 1 0 0 1 0 
1 1 0 0 0 0 0 0 0 1 0 1 0 1 0 
3
26666 0 24682 2 28714 3 

24661
24661 0
0 1 1 1 1 1 0 0 1 0 
1 1 0 0 0 0 0 0 1 0 1 0 1 0 1 
2
24917 2 28757 3 

24662
24662 22
0 1 1 1 1 1 0 0 1 0 
1 1 0 0 0 0 0 0 1 0 1 0 1 1 0 
3
24661 0 24918 2 28758 3 

24665
24665 25
0 1 1 1 1 1 0 0 1 0 
1 1 0 0 0 0 0 0 1 0 1 1 0 0 1 
3
24661 0 24921 2 28761 3 

24666
24666 26
0 1 1 1 1 1 0 0 1 0 
1 1 0 0 0 0 0 0 1 0 1 1 0 1 0 
3
24665 0 24922 2 28762 3 

24677
24677 0
0 1 1 1 1 1 0 0 1 0 
1 1 0 0 0 0 0 0 1 1 0 0 1 0 1 
3
24661 0 24933 2 28773 3 

24678
24678 38
0 1 1 1 1 1 0 0 1 0 
1 1 0 0 0 0 0 0 1 1 0 0 1 1 0 
3
24677 0 24934 2 28774 3 

24681
24681 0
0 1 1 1 1 1 0 0 1 0 
1 1 0 0 0 0 0 0 1 1 0 1 0 0 1 
3
24677 0 24937 2 28777 3 

24682
24682 0
0 1 1 1 1 1 0 0 1 0 
1 1 0 0 0 0 0 0 1 1 0 1 0 1 0 
3
24681 0 24938 2 28778 3 

24917
24661 0
0 0 0 0 0 0 0 0 1 0 
1 1 0 0 0 0 1 0 1 0 1 0 1 0 1 
2
8533 1 24661 2 

24918
24662 22
0 0 0 0 0 0 0 0 1 0 
1 1 0 0 0 0 1 0 1 0 1 0 1 1 0 
3
24917 0 8534 1 24662 2 

24921
24665 25
0 0 0 0 0 0 0 0 1 0 
1 1 0 0 0 0 1 0 1 0 1 1 0 0 1 
3
24917 0 8537 1 24665 2 

24922
24666 26
0 0 0 0 0 0 0 0 1 0 
1 1 0 0 0 0 1 0 1 0 1 1 0 1 0 
3
24921 0 8538 1 24666 2 

24933
24677 0
0 0 0 0 0 0 0 0 1 0 
1 1 0 0 0 0 1 0 1 1 0 0 1 0 1 
3
24917 0 8549 1 24677 2 

24934
24678 38
0 0 0 0 0 0 0 0 1 0 
1 1 0 0 0 0 1 0 1 1 0 0 1 1 0 
3
24933 0 8550 1 24678 2 

24937
24681 0
0 0 0 0 0 0 0 0 1 0 
1 1 0 0 0 0 1 0 1 1 0 1 0 0 1 
3
24933 0 8553 1 24681 2 

24938
24682 0
0 0 0 0 0 0 0 0 1 0 
1 1 0 0 0 0 1 0 1 1 0 1 0 1 0 
3
24937 0 8554 1 24682 2 

25941
25941 25941
0 0 0 0 0 0 0 0 1 0 
1 1 0 0 1 0 1 0 1 0 1 0 1 0 1 
2
9557 1 24917 2 

25942
25942 25942
0 0 0 0 0 0 0 0 1 0 
1 1 0 0 1 0 1 0 1 0 1 0 1 1 0 
3
25941 0 9558 1 24918 2 

25945
25945 25945
0 0 0 0 0 0 0 0 1 0 
1 1 0 0 1 0 1 0 1 0 1 1 0 0 1 
3
25941 0 9561 1 24921 2 

25946
25946 25946
0 0 0 0 0 0 0 0 1 0 
1 1 0 0 1 0 1 0 1 0 1 1 0 1 0 
3
25945 0 9562 1 24922 2 

25957
25957 25957
0 0 0 0 0 0 0 0 1 0 
1 1 0 0 1 0 1 0 1 1 0 0 1 0 1 
3
25941 0 9573 1 24933 2 

25958
25958 25958
0 0 0 0 0 0 0 0 1 0 
1 1 0 0 1 0 1 0 1 1 0 0 1 1 0 
3
25957 0 9574 1 24934 2 

25961
25961 25961
0 0 0 0 0 0 0 0 1 0 
1 1 0 0 1 0 1 0 1 1 0 1 0 0 1 
3
25957 0 9577 1 24937 2 

25962
25962 25962
0 0 0 0 0 0 0 0 1 0 
1 1 0 0 1 0 1 0 1 1 0 1 0 1 0 
3
25961 0 9578 1 24938 2 

26005
26005 26005
0 0 0 0 0 0 0 0 1 0 
1 1 0 0 1 0 1 1 0 0 1 0 1 0 1 
3
25941 0 9621 1 27029 2 

26006
26006 26006
0 0 0 0 0 0 0 0 1 0 
1 1 0 0 1 0 1 1 0 0 1 0 1 1 0 
3
25942 0 9622 1 27030 2 

26009
26009 26009
0 0 0 0 0 0 0 0 1 0 
1 1 0 0 1 0 1 1 0 0 1 1 0 0 1 
3
25945 0 9625 1 27033 2 

26010
26010 26010
0 0 0 0 0 0 0 0 1 0 
1 1 0 0 1 0 1 1 0 0 1 1 0 1 0 
3
25946 0 9626 1 27034 2 

26021
26021 26021
0 0 0 0 0 0 0 0 1 0 
1 1 0 0 1 0 1 1 0 1 0 0 1 0 1 
3
25957 0 9637 1 27045 2 

26022
26022 26022
0 0 0 0 0 0 0 0 1 0 
1 1 0 0 1 0 1 1 0 1 0 0 1 1 0 
3
25958 0 9638 1 27046 2 

26025
26025 26025
0 0 0 0 0 0 0 0 1 0 
1 1 0 0 1 0 1 1 0 1 0 1 0 0 1 
3
25961 0 9641 1 27049 2 

26026
26026 26026
0 0 0 0 0 0 0 0 1 0 
1 1 0 0 1 0 1 1 0 1 0 1 0 1 0 
3
25962 0 9642 1 27050 2 

26197
26197 26197
0 0 0 0 0 0 0 0 1 0 
1 1 0 0 1 1 0 0 1 0 1 0 1 0 1 
3
25941 0 9813 1 27221 2 

26198
26198 26198
0 0 0 0 0 0 0 0 1 0 
1 1 0 0 1 1 0 0 1 0 1 0 1 1 0 
3
25942 0 9814 1 27222 2 

26201
26201 26201
0 0 0 0 0 0 0 0 1 0 
1 1 0 0 1 1 0 0 1 0 1 1 0 0 1 
3
25945 0 9817 1 27225 2 

26202
26202 26202
0 0 0 0 0 0 0 0 1 0 
1 1 0 0 1 1 0 0 1 0 1 1 0 1 0 
3
25946 0 9818 1 27226 2 

26213
26213 26213
0 0 0 0 0 0 0 0 1 0 
1 1 0 0 1 1 0 0 1 1 0 0 1 0 1 
3
25957 0 9829 1 27237 2 

26214
26214 26214
0 0 0 0 0 0 0 0 1 0 
1 1 0 0 1 1 0 0 1 1 0 0 1 1 0 
3
25958 0 9830 1 27238 2 

26217
26217 26217
0 0 0 0 0 0 0 0 1 0 
1 1 0 0 1 1 0 0 1 1 0 1 0 0 1 
3
25961 0 9833 1 27241 2 

26218
26218 26218
0 0 0 0 0 0 0 0 1 0 
1 1 0 0 1 1 0 0 1 1 0 1 0 1 0 
3
25962 0 9834 1 27242 2 

26261
26261 26261
0 0 0 0 0 0 0 0 1 0 
1 1 0 0 1 1 0 1 0 0 1 0 1 0 1 
3
26197 0 9877 1 27285 2 

26262
26262 26262
0 0 0 0 0 0 0 0 1 0 
1 1 0 0 1 1 0 1 0 0 1 0 1 1 0 
3
26198 0 9878 1 27286 2 

26265
26265 26265
0 0 0 0 0 0 0 0 1 0 
1 1 0 0 1 1 0 1 0 0 1 1 0 0 1 
3
26201 0 9881 1 27289 2 

26266
26266 26266
0 0 0 0 0 0 0 0 1 0 
1 1 0 0 1 1 0 1 0 0 1 1 0 1 0 
3
26202 0 9882 1 27290 2 

26277
26277 26277
0 0 0 0 0 0 0 0 1 0 
1 1 0 0 1 1 0 1 0 1 0 0 1 0 1 
3
26213 0 9893 1 27301 2 

26278
26278 26278
0 0 0 0 0 0 0 0 1 0 
1 1 0 0 1 1 0 1 0 1 0 0 1 1 0 
3
26214 0 9894 1 27302 2 

26281
26281 26281
0 0 0 0 0 0 0 0 1 0 
1 1 0 0 1 1 0 1 0 1 0 1 0 0 1 
3
26217 0 9897 1 27305 2 

26282
26282 26282
0 0 0 0 0 0 0 0 1 0 
1 1 0 0 1 1 0 1 0 1 0 1 0 1 0 
3
26218 0 9898 1 27306 2 

26645
26645 0
1 0 0 0 0 0 0 0 1 0 
1 1 0 1 0 0 0 0 0 0 1 0 1 0 1 
3
27157 0 10261 1 26661 2 

26646
26646 22
1 0 0 0 0 0 0 0 1 0 
1 1 0 1 0 0 0 0 0 0 1 0 1 1 0 
3
27158 0 10262 1 26662 2 

26649
26649 25
1 0 0 0 0 0 0 0 1 0 
1 1 0 1 0 0 0 0 0 0 1 1 0 0 1 
3
27161 0 10265 1 26665 2 

26650
26650 26
1 0 0 0 0 0 0 0 1 0 
1 1 0 1 0 0 0 0 0 0 1 1 0 1 0 
3
27162 0 10266 1 26666 2 

26661
26661 0
1 0 0 0 0 0 0 0 1 0 
1 1 0 1 0 0 0 0 0 1 0 0 1 0 1 
3
27173 0 10277 1 26665 2 

26662
26662 22
1 0 0 0 0 0 0 0 1 0 
1 1 0 1 0 0 0 0 0 1 0 0 1 1 0 
3
27174 0 10278 1 26666 2 

26665
26665 0
1 0 0 0 0 0 0 0 1 0 
1 1 0 1 0 0 0 0 0 1 0 1 0 0 1 
3
27177 0 10281 1 26666 2 

26666
26666 0
1 0 0 0 0 0 0 0 1 0 
1 1 0 1 0 0 0 0 0 1 0 1 0 1 0 
2
27178 0 10282 1 

26709
26709 26005
0 0 0 0 0 0 0 0 1 0 
1 1 0 1 0 0 0 0 1 0 1 0 1 0 1 
3
24661 0 10325 1 26645 2 

26710
26710 26006
0 0 0 0 0 0 0 0 1 0 
1 1 0 1 0 0 0 0 1 0 1 0 1 1 0 
3
24662 0 10326 1 26646 2 

26713
26713 26009
0 0 0 0 0 0 0 0 1 0 
1 1 0 1 0 0 0 0 1 0 1 1 0 0 1 
3
24665 0 10329 1 26649 2 

26714
26714 26010
0 0 0 0 0 0 0 0 1 0 
1 1 0 1 0 0 0 0 1 0 1 1 0 1 0 
3
24666 0 10330 1 26650 2 

26725
26725 26021
0 0 0 0 0 0 0 0 1 0 
1 1 0 1 0 0 0 0 1 1 0 0 1 0 1 
3
24677 0 10341 1 26661 2 

26726
26726 26022
0 0 0 0 0 0 0 0 1 0 
1 1 0 1 0 0 0 0 1 1 0 0 1 1 0 
3
24678 0 10342 1 26662 2 

26729
26729 26025
0 0 0 0 0 0 0 0 1 0 
1 1 0 1 0 0 0 0 1 1 0 1 0 0 1 
3
24681 0 10345 1 26665 2 

26730
26730 26026
0 0 0 0 0 0 0 0 1 0 
1 1 0 1 0 0 0 0 1 1 0 1 0 1 0 
3
24682 0 10346 1 26666 2 

26965
26965 26005
0 0 0 0 0 0 0 0 1 0 
1 1 0 1 0 0 1 0 1 0 1 0 1 0 1 
3
24917 0 10581 1 26709 2 

26966
26966 26006
0 0 0 0 0 0 0 0 1 0 
1 1 0 1 0 0 1 0 1 0 1 0 1 1 0 
3
24918 0 10582 1 26710 2 

26969
26969 26009
0 0 0 0 0 0 0 0 1 0 
1 1 0 1 0 0 1 0 1 0 1 1 0 0 1 
3
24921 0 10585 1 26713 2 

26970
26970 26010
0 0 0 0 0 0 0 0 1 0 
1 1 0 1 0 0 1 0 1 0 1 1 0 1 0 
3
24922 0 10586 1 26714 2 

26981
26981 26021
0 0 0 0 0 0 0 0 1 0 
1 1 0 1 0 0 1 0 1 1 0 0 1 0 1 
3
24933 0 10597 1 26725 2 

26982
26982 26022
0 0 0 0 0 0 0 0 1 0 
1 1 0 1 0 0 1 0 1 1 0 0 1 1 0 
3
24934 0 10598 1 26726 2 

26985
26985 26025
0 0 0 0 0 0 0 0 1 0 
1 1 0 1 0 0 1 0 1 1 0 1 0 0 1 
3
24937 0 10601 1 26729 2 

26986
26986 26026
0 0 0 0 0 0 0 0 1 0 
1 1 0 1 0 0 1 0 1 1 0 1 0 1 0 
3
24938 0 10602 1 26730 2 

27029
27029 26005
0 0 0 0 0 0 0 0 1 0 
1 1 0 1 0 0 1 1 0 0 1 0 1 0 1 
3
26965 0 10645 1 27285 2 

27030
27030 26006
0 0 0 0 0 0 0 0 1 0 
1 1 0 1 0 0 1 1 0 0 1 0 1 1 0 
3
26966 0 10646 1 27286 2 

27033
27033 26009
0 0 0 0 0 0 0 0 1 0 
1 1 0 1 0 0 1 1 0 0 1 1 0 0 1 
3
26969 0 10649 1 27289 2 

27034
27034 26010
0 0 0 0 0 0 0 0 1 0 
1 1 0 1 0 0 1 1 0 0 1 1 0 1 0 
3
26970 0 10650 1 27290 2 

27045
27045 26021
0 0 0 0 0 0 0 0 1 0 
1 1 0 1 0 0 1 1 0 1 0 0 1 0 1 
3
26981 0 10661 1 27301 2 

27046
27046 26022
0 0 0 0 0 0 0 0 1 0 
1 1 0 1 0 0 1 1 0 1 0 0 1 1 0 
3
26982 0 10662 1 27302 2 

27049
27049 26025
0 0 0 0 0 0 0 0 1 0 
1 1 0 1 0 0 1 1 0 1 0 1 0 0 1 
3
26985 0 10665 1 27305 2 

27050
27050 26026
0 0 0 0 0 0 0 0 1 0 
1 1 0 1 0 0 1 1 0 1 0 1 0 1 0 
3
26986 0 10666 1 27306 2 

27157
27157 0
1 0 0 0 0 0 0 0 1 0 
1 1 0 1 0 1 0 0 0 0 1 0 1 0 1 
3
27285 0 10773 1 27173 2 

27158
27158 22
1 0 0 0 0 0 0 0 1 0 
1 1 0 1 0 1 0 0 0 0 1 0 1 1 0 
3
27286 0 10774 1 27174 2 

27161
27161 25
1 0 0 0 0 0 0 0 1 0 
1 1 0 1 0 1 0 0 0 0 1 1 0 0 1 
3
27289 0 10777 1 27177 2 

27162
27162 26
1 0 0 0 0 0 0 0 1 0 
1 1 0 1 0 1 0 0 0 0 1 1 0 1 0 
3
27290 0 10778 1 27178 2 

27173
27173 0
1 0 0 0 0 0 0 0 1 0 
1 1 0 1 0 1 0 0 0 1 0 0 1 0 1 
3
27301 0 10789 1 27177 2 

27174
27302 22
1 0 0 0 0 0 0 0 1 0 
1 1 0 1 0 1 0 0 0 1 0 0 1 1 0 
3
27302 0 10790 1 27178 2 

27177
27177 0
1 0 0 0 0 0 0 0 1 0 
1 1 0 1 0 1 0 0 0 1 0 1 0 0 1 
3
27305 0 10793 1 27178 2 

27178
27178 0
1 0 0 0 0 0 0 0 1 0 
1 1 0 1 0 1 0 0 0 1 0 1 0 1 0 
2
27306 0 10794 1 

27221
27221 26197
0 0 0 0 0 0 0 0 1 0 
1 1 0 1 0 1 0 0 1 0 1 0 1 0 1 
3
26709 0 10837 1 27157 2 

27222
27222 26198
0 0 0 0 0 0 0 0 1 0 
1 1 0 1 0 1 0 0 1 0 1 0 1 1 0 
3
26710 0 10838 1 27158 2 

27225
27225 26201
0 0 0 0 0 0 0 0 1 0 
1 1 0 1 0 1 0 0 1 0 1 1 0 0 1 
3
26713 0 10841 1 27161 2 

27226
27226 26202
0 0 0 0 0 0 0 0 1 0 
1 1 0 1 0 1 0 0 1 0 1 1 0 1 0 
3
26714 0 10842 1 27162 2 

27237
27237 26213
0 0 0 0 0 0 0 0 1 0 
1 1 0 1 0 1 0 0 1 1 0 0 1 0 1 
3
26725 0 10853 1 27173 2 

27238
27238 26214
0 0 0 0 0 0 0 0 1 0 
1 1 0 1 0 1 0 0 1 1 0 0 1 1 0 
3
26726 0 10854 1 27174 2 

27241
27241 26217
0 0 0 0 0 0 0 0 1 0 
1 1 0 1 0 1 0 0 1 1 0 1 0 0 1 
3
26729 0 10857 1 27177 2 

27242
27242 26218
0 0 0 0 0 0 0 0 1 0 
1 1 0 1 0 1 0 0 1 1 0 1 0 1 0 
3
26730 0 10858 1 27178 2 

27285
27157 0
0 0 0 0 0 0 0 0 1 0 
1 1 0 1 0 1 0 1 0 0 1 0 1 0 1 
3
27157 0 10901 1 27301 2 

27286
27158 22
0 0 0 0 0 0 0 0 1 0 
1 1 0 1 0 1 0 1 0 0 1 0 1 1 0 
3
27158 0 10902 1 27302 2 

27289
27161 25
0 0 0 0 0 0 0 0 1 0 
1 1 0 1 0 1 0 1 0 0 1 1 0 0 1 
3
27161 0 10905 1 27305 2 

27290
27162 26
0 0 0 0 0 0 0 0 1 0 
1 1 0 1 0 1 0 1 0 0 1 1 0 1 0 
3
27162 0 10906 1 27306 2 

27301
27173 0
0 0 0 0 0 0 0 0 1 0 
1 1 0 1 0 1 0 1 0 1 0 0 1 0 1 
3
27173 0 10917 1 27305 2 

27302
27302 22
0 0 0 0 0 0 0 0 1 0 
1 1 0 1 0 1 0 1 0 1 0 0 1 1 0 
3
27174 0 10918 1 27306 2 

27305
27177 0
0 0 0 0 0 0 0 0 1 0 
1 1 0 1 0 1 0 1 0 1 0 1 0 0 1 
3
27177 0 10921 1 27306 2 

27306
27178 0
0 0 0 0 0 0 0 0 1 0 
1 1 0 1 0 1 0 1 0 1 0 1 0 1 0 
2
27178 0 10922 1 

28672
28672 0
1 1 1 1 1 1 1 1 1 1 
1 1 1 0 0 0 0 0 0 0 0 0 0 0 0 
2
28704 0 28673 2 

28673
28673 0
1 1 1 1 1 1 1 1 1 1 
1 1 1 0 0 0 0 0 0 0 0 0 0 0 1 
2
28705 0 28677 2 

28677
28677 0
1 1 1 1 1 1 0 0 1 1 
1 1 1 0 0 0 0 0 0 0 0 0 1 0 1 
2
28709 0 28693 2 

28693
28693 0
1 1 1 1 1 1 0 0 1 1 
1 1 1 0 0 0 0 0 0 0 1 0 1 0 1 
2
30741 0 28757 2 

28694
28694 22
1 1 1 1 1 1 0 0 1 1 
1 1 1 0 0 0 0 0 0 0 1 0 1 1 0 
2
30742 0 28758 2 

28697
28697 25
1 1 1 1 1 1 0 0 1 1 
1 1 1 0 0 0 0 0 0 0 1 1 0 0 1 
2
30745 0 28761 2 

28698
28698 26
1 1 1 1 1 1 0 0 1 1 
1 1 1 0 0 0 0 0 0 0 1 1 0 1 0 
2
30746 0 28762 2 

28704
28704 0
1 1 1 1 1 1 0 0 1 1 
1 1 1 0 0 0 0 0 0 1 0 0 0 0 0 
2
28712 0 28705 2 

28705
28705 0
1 1 1 1 1 1 0 0 1 1 
1 1 1 0 0 0 0 0 0 1 0 0 0 0 1 
2
28713 0 28709 2 

28709
28709 0
1 1 1 1 1 1 0 0 1 1 
1 1 1 0 0 0 0 0 0 1 0 0 1 0 1 
2
30757 0 28773 2 

28710
28710 38
1 1 1 1 1 1 0 0 1 1 
1 1 1 0 0 0 0 0 0 1 0 0 1 1 0 
2
30758 0 28774 2 

28712
28712 0
1 1 1 1 1 1 0 0 1 1 
1 1 1 0 0 0 0 0 0 1 0 1 0 0 0 
2
28714 0 28713 2 

28713
28713 0
1 1 1 1 1 1 0 0 1 1 
1 1 1 0 0 0 0 0 0 1 0 1 0 0 1 
2
30761 0 28777 2 

28714
28714 0
1 1 1 1 1 1 0 0 1 1 
1 1 1 0 0 0 0 0 0 1 0 1 0 1 0 
2
30762 0 28778 2 

28757
24661 0
0 1 1 1 1 1 0 0 1 1 
1 1 1 0 0 0 0 0 1 0 1 0 1 0 1 
1
29013 2 

28758
24662 22
0 1 1 1 1 1 0 0 1 1 
1 1 1 0 0 0 0 0 1 0 1 0 1 1 0 
2
28757 0 29014 2 

28761
24665 25
0 1 1 1 1 1 0 0 1 1 
1 1 1 0 0 0 0 0 1 0 1 1 0 0 1 
2
28757 0 29017 2 

28762
24666 26
0 1 1 1 1 1 0 0 1 1 
1 1 1 0 0 0 0 0 1 0 1 1 0 1 0 
2
28761 0 29018 2 

28773
24677 0
0 1 1 1 1 1 0 0 1 1 
1 1 1 0 0 0 0 0 1 1 0 0 1 0 1 
2
28757 0 29029 2 

28774
24678 38
0 1 1 1 1 1 0 0 1 1 
1 1 1 0 0 0 0 0 1 1 0 0 1 1 0 
2
28773 0 29030 2 

28777
24681 0
0 1 1 1 1 1 0 0 1 1 
1 1 1 0 0 0 0 0 1 1 0 1 0 0 1 
2
28773 0 29033 2 

28778
24682 0
0 1 1 1 1 1 0 0 1 1 
1 1 1 0 0 0 0 0 1 1 0 1 0 1 0 
2
28777 0 29034 2 

29013
24661 0
0 0 0 0 0 0 0 0 1 1 
1 1 1 0 0 0 1 0 1 0 1 0 1 0 1 
3
12629 1 28757 2 24917 3 

29014
24662 22
0 0 0 0 0 0 0 0 1 1 
1 1 1 0 0 0 1 0 1 0 1 0 1 1 0 
4
29013 0 12630 1 28758 2 24918 3 

29017
24665 25
0 0 0 0 0 0 0 0 1 1 
1 1 1 0 0 0 1 0 1 0 1 1 0 0 1 
4
29013 0 12633 1 28761 2 24921 3 

29018
24666 26
0 0 0 0 0 0 0 0 1 1 
1 1 1 0 0 0 1 0 1 0 1 1 0 1 0 
4
29017 0 12634 1 28762 2 24922 3 

29029
24677 0
0 0 0 0 0 0 0 0 1 1 
1 1 1 0 0 0 1 0 1 1 0 0 1 0 1 
4
29013 0 12645 1 28773 2 24933 3 

29030
24678 38
0 0 0 0 0 0 0 0 1 1 
1 1 1 0 0 0 1 0 1 1 0 0 1 1 0 
4
29029 0 12646 1 28774 2 24934 3 

29033
24681 0
0 0 0 0 0 0 0 0 1 1 
1 1 1 0 0 0 1 0 1 1 0 1 0 0 1 
4
29029 0 12649 1 28777 2 24937 3 

29034
24682 0
0 0 0 0 0 0 0 0 1 1 
1 1 1 0 0 0 1 0 1 1 0 1 0 1 0 
4
29033 0 12650 1 28778 2 24938 3 

30037
30037 30037
0 0 0 0 0 0 0 0 1 1 
1 1 1 0 1 0 1 0 1 0 1 0 1 0 1 
3
13653 1 29013 2 25941 3 

30038
30038 30038
0 0 0 0 0 0 0 0 1 1 
1 1 1 0 1 0 1 0 1 0 1 0 1 1 0 
4
30037 0 13654 1 29014 2 25942 3 

30041
30041 30041
0 0 0 0 0 0 0 0 1 1 
1 1 1 0 1 0 1 0 1 0 1 1 0 0 1 
4
30037 0 13657 1 29017 2 25945 3 

30042
30042 30042
0 0 0 0 0 0 0 0 1 1 
1 1 1 0 1 0 1 0 1 0 1 1 0 1 0 
4
30041 0 13658 1 29018 2 25946 3 

30053
30053 30053
0 0 0 0 0 0 0 0 1 1 
1 1 1 0 1 0 1 0 1 1 0 0 1 0 1 
4
30037 0 13669 1 29029 2 25957 3 

30054
30054 30054
0 0 0 0 0 0 0 0 1 1 
1 1 1 0 1 0 1 0 1 1 0 0 1 1 0 
4
30053 0 13670 1 29030 2 25958 3 

30057
30057 30057
0 0 0 0 0 0 0 0 1 1 
1 1 1 0 1 0 1 0 1 1 0 1 0 0 1 
4
30053 0 13673 1 29033 2 25961 3 

30058
30058 30058
0 0 0 0 0 0 0 0 1 1 
1 1 1 0 1 0 1 0 1 1 0 1 0 1 0 
4
30057 0 13674 1 29034 2 25962 3 

30101
30101 30101
0 0 0 0 0 0 0 0 1 1 
1 1 1 0 1 0 1 1 0 0 1 0 1 0 1 
4
30037 0 13717 1 31125 2 26005 3 

30102
30102 30102
0 0 0 0 0 0 0 0 1 1 
1 1 1 0 1 0 1 1 0 0 1 0 1 1 0 
4
30038 0 13718 1 31126 2 26006 3 

30105
30105 30105
0 0 0 0 0 0 0 0 1 1 
1 1 1 0 1 0 1 1 0 0 1 1 0 0 1 
4
30041 0 13721 1 31129 2 26009 3 

30106
30106 30106
0 0 0 0 0 0 0 0 1 1 
1 1 1 0 1 0 1 1 0 0 1 1 0 1 0 
4
30042 0 13722 1 31130 2 26010 3 

30117
30117 30117
0 0 0 0 0 0 0 0 1 1 
1 1 1 0 1 0 1 1 0 1 0 0 1 0 1 
4
30053 0 13733 1 31141 2 26021 3 

30118
30118 30118
0 0 0 0 0 0 0 0 1 1 
1 1 1 0 1 0 1 1 0 1 0 0 1 1 0 
4
30054 0 13734 1 31142 2 26022 3 

30121
30121 30121
0 0 0 0 0 0 0 0 1 1 
1 1 1 0 1 0 1 1 0 1 0 1 0 0 1 
4
30057 0 13737 1 31145 2 26025 3 

30122
30122 30122
0 0 0 0 0 0 0 0 1 1 
1 1 1 0 1 0 1 1 0 1 0 1 0 1 0 
4
30058 0 13738 1 31146 2 26026 3 

30293
30293 30293
0 0 0 0 0 0 0 0 1 1 
1 1 1 0 1 1 0 0 1 0 1 0 1 0 1 
4
30037 0 13909 1 31317 2 26197 3 

30294
30294 30294
0 0 0 0 0 0 0 0 1 1 
1 1 1 0 1 1 0 0 1 0 1 0 1 1 0 
4
30038 0 13910 1 31318 2 26198 3 

30297
30297 30297
0 0 0 0 0 0 0 0 1 1 
1 1 1 0 1 1 0 0 1 0 1 1 0 0 1 
4
30041 0 13913 1 31321 2 26201 3 

30298
30298 30298
0 0 0 0 0 0 0 0 1 1 
1 1 1 0 1 1 0 0 1 0 1 1 0 1 0 
4
30042 0 13914 1 31322 2 26202 3 

30309
30309 30309
0 0 0 0 0 0 0 0 1 1 
1 1 1 0 1 1 0 0 1 1 0 0 1 0 1 
4
30053 0 13925 1 31333 2 26213 3 

30310
30310 30310
0 0 0 0 0 0 0 0 1 1 
1 1 1 0 1 1 0 0 1 1 0 0 1 1 0 
4
30054 0 13926 1 31334 2 26214 3 

30313
30313 30313
0 0 0 0 0 0 0 0 1 1 
1 1 1 0 1 1 0 0 1 1 0 1 0 0 1 
4
30057 0 13929 1 31337 2 26217 3 

30314
30314 30314
0 0 0 0 0 0 0 0 1 1 
1 1 1 0 1 1 0 0 1 1 0 1 0 1 0 
4
30058 0 13930 1 31338 2 26218 3 

30357
30357 30357
0 0 0 0 0 0 0 0 1 1 
1 1 1 0 1 1 0 1 0 0 1 0 1 0 1 
4
30293 0 13973 1 31381 2 26261 3 

30358
30358 30358
0 0 0 0 0 0 0 0 1 1 
1 1 1 0 1 1 0 1 0 0 1 0 1 1 0 
4
30294 0 13974 1 31382 2 26262 3 

30361
30361 30361
0 0 0 0 0 0 0 0 1 1 
1 1 1 0 1 1 0 1 0 0 1 1 0 0 1 
4
30297 0 13977 1 31385 2 26265 3 

30362
30362 30362
0 0 0 0 0 0 0 0 1 1 
1 1 1 0 1 1 0 1 0 0 1 1 0 1 0 
4
30298 0 13978 1 31386 2 26266 3 

30373
30373 30373
0 0 0 0 0 0 0 0 1 1 
1 1 1 0 1 1 0 1 0 1 0 0 1 0 1 
4
30309 0 13989 1 31397 2 26277 3 

30374
30374 30374
0 0 0 0 0 0 0 0 1 1 
1 1 1 0 1 1 0 1 0 1 0 0 1 1 0 
4
30310 0 13990 1 31398 2 26278 3 

30377
30377 30377
0 0 0 0 0 0 0 0 1 1 
1 1 1 0 1 1 0 1 0 1 0 1 0 0 1 
4
30313 0 13993 1 31401 2 26281 3 

30378
30378 30378
0 0 0 0 0 0 0 0 1 1 
1 1 1 0 1 1 0 1 0 1 0 1 0 1 0 
4
30314 0 13994 1 31402 2 26282 3 

30741
30741 0
1 0 0 0 0 0 0 0 1 1 
1 1 1 1 0 0 0 0 0 0 1 0 1 0 1 
4
31253 0 14357 1 30757 2 26645 3 

30742
30742 22
1 0 0 0 0 0 0 0 1 1 
1 1 1 1 0 0 0 0 0 0 1 0 1 1 0 
4
31254 0 14358 1 30758 2 26646 3 

30745
30745 25
1 0 0 0 0 0 0 0 1 1 
1 1 1 1 0 0 0 0 0 0 1 1 0 0 1 
4
31257 0 14361 1 30761 2 26649 3 

30746
30746 26
1 0 0 0 0 0 0 0 1 1 
1 1 1 1 0 0 0 0 0 0 1 1 0 1 0 
4
31258 0 14362 1 30762 2 26650 3 

30757
30757 0
1 0 0 0 0 0 0 0 1 1 
1 1 1 1 0 0 0 0 0 1 0 0 1 0 1 
4
31269 0 14373 1 30761 2 26661 3 

30758
30758 22
1 0 0 0 0 0 0 0 1 1 
1 1 1 1 0 0 0 0 0 1 0 0 1 1 0 
4
31270 0 14374 1 30762 2 26662 3 

30761
30761 0
1 0 0 0 0 0 0 0 1 1 
1 1 1 1 0 0 0 0 0 1 0 1 0 0 1 
4
31273 0 14377 1 30762 2 26665 3 

30762
30762 0
1 0 0 0 0 0 0 0 1 1 
1 1 1 1 0 0 0 0 0 1 0 1 0 1 0 
3
31274 0 14378 1 26666 3 

30805
30805 30101
0 0 0 0 0 0 0 0 1 1 
1 1 1 1 0 0 0 0 1 0 1 0 1 0 1 
4
28757 0 14421 1 30741 2 26709 3 

30806
30806 30102
0 0 0 0 0 0 0 0 1 1 
1 1 1 1 0 0 0 0 1 0 1 0 1 1 0 
4
28758 0 14422 1 30742 2 26710 3 

30809
30809 30105
0 0 0 0 0 0 0 0 1 1 
1 1 1 1 0 0 0 0 1 0 1 1 0 0 1 
4
28761 0 14425 1 30745 2 26713 3 

30810
30810 30106
0 0 0 0 0 0 0 0 1 1 
1 1 1 1 0 0 0 0 1 0 1 1 0 1 0 
4
28762 0 14426 1 30746 2 26714 3 

30821
30821 30117
0 0 0 0 0 0 0 0 1 1 
1 1 1 1 0 0 0 0 1 1 0 0 1 0 1 
4
28773 0 14437 1 30757 2 26725 3 

30822
30822 30118
0 0 0 0 0 0 0 0 1 1 
1 1 1 1 0 0 0 0 1 1 0 0 1 1 0 
4
28774 0 14438 1 30758 2 26726 3 

30825
30825 30121
0 0 0 0 0 0 0 0 1 1 
1 1 1 1 0 0 0 0 1 1 0 1 0 0 1 
4
28777 0 14441 1 30761 2 26729 3 

30826
30826 30122
0 0 0 0 0 0 0 0 1 1 
1 1 1 1 0 0 0 0 1 1 0 1 0 1 0 
4
28778 0 14442 1 30762 2 26730 3 

31061
31061 30101
0 0 0 0 0 0 0 0 1 1 
1 1 1 1 0 0 1 0 1 0 1 0 1 0 1 
4
29013 0 14677 1 30805 2 26965 3 

31062
31062 30102
0 0 0 0 0 0 0 0 1 1 
1 1 1 1 0 0 1 0 1 0 1 0 1 1 0 
4
29014 0 14678 1 30806 2 26966 3 

31065
31065 30105
0 0 0 0 0 0 0 0 1 1 
1 1 1 1 0 0 1 0 1 0 1 1 0 0 1 
4
29017 0 14681 1 30809 2 26969 3 

31066
31066 30106
0 0 0 0 0 0 0 0 1 1 
1 1 1 1 0 0 1 0 1 0 1 1 0 1 0 
4
29018 0 14682 1 30810 2 26970 3 

31077
31077 30117
0 0 0 0 0 0 0 0 1 1 
1 1 1 1 0 0 1 0 1 1 0 0 1 0 1 
4
29029 0 14693 1 30821 2 26981 3 

31078
31078 30118
0 0 0 0 0 0 0 0 1 1 
1 1 1 1 0 0 1 0 1 1 0 0 1 1 0 
4
29030 0 14694 1 30822 2 26982 3 

31081
31081 30121
0 0 0 0 0 0 0 0 1 1 
1 1 1 1 0 0 1 0 1 1 0 1 0 0 1 
4
29033 0 14697 1 30825 2 26985 3 

31082
31082 30122
0 0 0 0 0 0 0 0 1 1 
1 1 1 1 0 0 1 0 1 1 0 1 0 1 0 
4
29034 0 14698 1 30826 2 26986 3 

31125
31125 30101
0 0 0 0 0 0 0 0 1 1 
1 1 1 1 0 0 1 1 0 0 1 0 1 0 1 
4
31061 0 14741 1 31381 2 27029 3 

31126
31126 30102
0 0 0 0 0 0 0 0 1 1 
1 1 1 1 0 0 1 1 0 0 1 0 1 1 0 
4
31062 0 14742 1 31382 2 27030 3 

31129
31129 30105
0 0 0 0 0 0 0 0 1 1 
1 1 1 1 0 0 1 1 0 0 1 1 0 0 1 
4
31065 0 14745 1 31385 2 27033 3 

31130
31130 30106
0 0 0 0 0 0 0 0 1 1 
1 1 1 1 0 0 1 1 0 0 1 1 0 1 0 
4
31066 0 14746 1 31386 2 27034 3 

31141
31141 30117
0 0 0 0 0 0 0 0 1 1 
1 1 1 1 0 0 1 1 0 1 0 0 1 0 1 
4
31077 0 14757 1 31397 2 27045 3 

31142
31142 30118
0 0 0 0 0 0 0 0 1 1 
1 1 1 1 0 0 1 1 0 1 0 0 1 1 0 
4
31078 0 14758 1 31398 2 27046 3 

31145
31145 30121
0 0 0 0 0 0 0 0 1 1 
1 1 1 1 0 0 1 1 0 1 0 1 0 0 1 
4
31081 0 14761 1 31401 2 27049 3 

31146
31146 30122
0 0 0 0 0 0 0 0 1 1 
1 1 1 1 0 0 1 1 0 1 0 1 0 1 0 
4
31082 0 14762 1 31402 2 27050 3 

31253
31253 0
1 0 0 0 0 0 0 0 1 1 
1 1 1 1 0 1 0 0 0 0 1 0 1 0 1 
4
31381 0 14869 1 31269 2 27157 3 

31254
31254 22
1 0 0 0 0 0 0 0 1 1 
1 1 1 1 0 1 0 0 0 0 1 0 1 1 0 
4
31382 0 14870 1 31270 2 27158 3 

31257
31257 25
1 0 0 0 0 0 0 0 1 1 
1 1 1 1 0 1 0 0 0 0 1 1 0 0 1 
4
31385 0 14873 1 31273 2 27161 3 

31258
31258 26
1 0 0 0 0 0 0 0 1 1 
1 1 1 1 0 1 0 0 0 0 1 1 0 1 0 
4
31386 0 14874 1 31274 2 27162 3 

31269
31269 0
1 0 0 0 0 0 0 0 1 1 
1 1 1 1 0 1 0 0 0 1 0 0 1 0 1 
4
31397 0 14885 1 31273 2 27173 3 

31270
31398 22
1 0 0 0 0 0 0 0 1 1 
1 1 1 1 0 1 0 0 0 1 0 0 1 1 0 
4
31398 0 14886 1 31274 2 27174 3 

31273
31273 0
1 0 0 0 0 0 0 0 1 1 
1 1 1 1 0 1 0 0 0 1 0 1 0 0 1 
4
31401 0 14889 1 31274 2 27177 3 

31274
31274 0
1 0 0 0 0 0 0 0 1 1 
1 1 1 1 0 1 0 0 0 1 0 1 0 1 0 
3
31402 0 14890 1 27178 3 

31317
31317 30293
0 0 0 0 0 0 0 0 1 1 
1 1 1 1 0 1 0 0 1 0 1 0 1 0 1 
4
30805 0 14933 1 31253 2 27221 3 

31318
31318 30294
0 0 0 0 0 0 0 0 1 1 
1 1 1 1 0 1 0 0 1 0 1 0 1 1 0 
4
30806 0 14934 1 31254 2 27222 3 

31321
31321 30297
0 0 0 0 0 0 0 0 1 1 
1 1 1 1 0 1 0 0 1 0 1 1 0 0 1 
4
30809 0 14937 1 31257 2 27225 3 

31322
31322 30298
0 0 0 0 0 0 0 0 1 1 
1 1 1 1 0 1 0 0 1 0 1 1 0 1 0 
4
30810 0 14938 1 31258 2 27226 3 

31333
31333 30309
0 0 0 0 0 0 0 0 1 1 
1 1 1 1 0 1 0 0 1 1 0 0 1 0 1 
4
30821 0 14949 1 31269 2 27237 3 

31334
31334 30310
0 0 0 0 0 0 0 0 1 1 
1 1 1 1 0 1 0 0 1 1 0 0 1 1 0 
4
30822 0 14950 1 31270 2 27238 3 

31337
31337 30313
0 0 0 0 0 0 0 0 1 1 
1 1 1 1 0 1 0 0 1 1 0 1 0 0 1 
4
30825 0 14953 1 31273 2 27241 3 

31338
31338 30314
0 0 0 0 0 0 0 0 1 1 
1 1 1 1 0 1 0 0 1 1 0 1 0 1 0 
4
30826 0 14954 1 31274 2 27242 3 

31381
31253 0
0 0 0 0 0 0 0 0 1 1 
1 1 1 1 0 1 0 1 0 0 1 0 1 0 1 
4
31253 0 14997 1 31397 2 27285 3 

31382
31254 22
0 0 0 0 0 0 0 0 1 1 
1 1 1 1 0 1 0 1 0 0 1 0 1 1 0 
4
31254 0 14998 1 31398 2 27286 3 

31385
31257 25
0 0 0 0 0 0 0 0 1 1 
1 1 1 1 0 1 0 1 0 0 1 1 0 0 1 
4
31257 0 15001 1 31401 2 27289 3 

31386
31258 26
0 0 0 0 0 0 0 0 1 1 
1 1 1 1 0 1 0 1 0 0 1 1 0 1 0 
4
31258 0 15002 1 31402 2 27290 3 

31397
31269 0
0 0 0 0 0 0 0 0 1 1 
1 1 1 1 0 1 0 1 0 1 0 0 1 0 1 
4
31269 0 15013 1 31401 2 27301 3 

31398
31398 22
0 0 0 0 0 0 0 0 1 1 
1 1 1 1 0 1 0 1 0 1 0 0 1 1 0 
4
31270 0 15014 1 31402 2 27302 3 

31401
31273 0
0 0 0 0 0 0 0 0 1 1 
1 1 1 1 0 1 0 1 0 1 0 1 0 0 1 
4
31273 0 15017 1 31402 2 27305 3 

31402
31274 0
0 0 0 0 0 0 0 0 1 1 
1 1 1 1 0 1 0 1 0 1 0 1 0 1 0 
3
31274 0 15018 1 27306 3 

