48
3 3 9 9 5 5 11 11 7 7 13 13 1 1 0 0 -1 -1 -1 -1 -1 -1 -1 -1 8 8 14 14 6 6 12 12 4 4 10 10 2 2 -1 -1 -1 -1 -1 -1 -1 -1 -1 -1 

10
cI cII cro Q O P cIII xis int Struc 
3 6
bcII_1{cII} bcII_2{cII} bQ{Q} bOR1{cI,cro} bOR2{cI,cro} bOR3{cI,cro} bOL1{cI,cro} bOL2{cI,cro} bOL3{cI,cro} 
1 1 3 0 2 0 2 0 2 0 2 0 2 0 2 

7 4 4 4 4 4 4 4 1 1 

7 8 3 4 5 6 0 
3 4 5 6 
3 4 5 6 
3 4 5 6 
3 4 5 6 
3 4 5 6 
9 10 11 12 
9 10 11 12 
1 
2 

0 1 1 1 1 1 1 1 1 1 1 1 1 1 1 1 1 1 1 1 1 1 1 1 1 1 1 1 1 1 1 1 0 0 0 0 0 0 0 0 0 0 0 0 0 0 0 0 0 0 0 0 0 0 0 0 0 0 0 0 0 0 0 0 0 0 0 0 0 0 0 0 0 0 0 0 0 0 0 0 0 0 0 0 0 0 0 0 0 0 0 0 0 0 0 0 0 0 0 0 0 0 0 0 0 0 0 0 0 0 0 0 0 0 0 0 0 0 0 0 0 0 0 0 0 0 0 0 
1 0 0 0 0 0 0 0 0 0 0 0 0 0 0 0 
1 0 0 0 0 0 0 0 0 0 0 0 0 0 0 0 
1 0 0 0 0 0 0 0 0 0 0 0 0 0 0 0 
1 0 0 0 0 0 0 0 0 0 0 0 0 0 0 0 
1 0 0 0 0 0 0 0 0 0 0 0 0 0 0 0 
1 0 0 0 0 0 0 0 0 0 0 0 0 0 0 0 
1 0 0 0 0 0 0 0 0 0 0 0 0 0 0 0 
0 1 
0 1 


54 510 32768
7
2600 2 1 6696 2 0 10920 2 0 15016 2 0 24641 12 1 27176 2 0 31272 2 0 
2600 2728 
6696 6824 
10792 10920 
14888 15016 
65 321 4161 4417 8257 8513 12353 12609 24641 24897 28737 28993 
27176 27304 
31272 31400 

0
0 0
0 1 1 1 1 1 1 1 0 0 
0 0 0 0 0 0 0 0 0 0 0 0 0 0 0 
3
8192 1 64 2 4096 3 

64
64 0
0 1 1 1 1 1 1 1 0 0 
0 0 0 0 0 0 0 0 1 0 0 0 0 0 0 
3
8256 1 65 2 4160 3 

65
24641 0
0 1 1 1 1 1 1 1 0 0 
0 0 0 0 0 0 0 0 1 0 0 0 0 0 1 
3
8257 1 321 2 4161 3 

321
24641 0
0 0 0 0 0 0 1 1 0 0 
0 0 0 0 0 0 1 0 1 0 0 0 0 0 1 
1
65 2 

325
325 325
0 0 0 0 0 0 0 0 0 0 
0 0 0 0 0 0 1 0 1 0 0 0 1 0 1 
1
321 2 

1349
1349 1349
0 0 0 0 0 0 0 0 0 0 
0 0 0 0 1 0 1 0 1 0 0 0 1 0 1 
1
325 2 

1365
1365 1365
0 0 0 0 0 0 0 0 0 0 
0 0 0 0 1 0 1 0 1 0 1 0 1 0 1 
1
1349 2 

1366
1366 1366
0 0 0 0 0 0 0 0 0 0 
0 0 0 0 1 0 1 0 1 0 1 0 1 1 0 
2
1365 0 1382 2 

1369
1369 1369
0 0 0 0 0 0 0 0 0 0 
0 0 0 0 1 0 1 0 1 0 1 1 0 0 1 
2
1365 0 1385 2 

1370
1370 1370
0 0 0 0 0 0 0 0 0 0 
0 0 0 0 1 0 1 0 1 0 1 1 0 1 0 
2
1369 0 1386 2 

1381
1381 1366
0 0 0 0 0 0 0 0 0 0 
0 0 0 0 1 0 1 0 1 1 0 0 1 0 1 
2
1349 0 2405 2 

1382
1382 1366
0 0 0 0 0 0 0 0 0 0 
0 0 0 0 1 0 1 0 1 1 0 0 1 1 0 
2
1381 0 2406 2 

1385
1385 1369
0 0 0 0 0 0 0 0 0 0 
0 0 0 0 1 0 1 0 1 1 0 1 0 0 1 
2
1381 0 2409 2 

1386
1386 1370
0 0 0 0 0 0 0 0 0 0 
0 0 0 0 1 0 1 0 1 1 0 1 0 1 0 
2
1385 0 2410 2 

1429
1429 1429
0 0 0 0 0 0 0 0 0 0 
0 0 0 0 1 0 1 1 0 0 1 0 1 0 1 
2
1365 0 1445 2 

1430
1430 1430
0 0 0 0 0 0 0 0 0 0 
0 0 0 0 1 0 1 1 0 0 1 0 1 1 0 
2
1429 0 1446 2 

1433
1433 1433
0 0 0 0 0 0 0 0 0 0 
0 0 0 0 1 0 1 1 0 0 1 1 0 0 1 
2
1369 0 1449 2 

1434
1434 1434
0 0 0 0 0 0 0 0 0 0 
0 0 0 0 1 0 1 1 0 0 1 1 0 1 0 
2
1433 0 1450 2 

1445
1445 1429
0 0 0 0 0 0 0 0 0 0 
0 0 0 0 1 0 1 1 0 1 0 0 1 0 1 
2
1381 0 2469 2 

1446
1446 1430
0 0 0 0 0 0 0 0 0 0 
0 0 0 0 1 0 1 1 0 1 0 0 1 1 0 
2
1445 0 2470 2 

1449
1449 1433
0 0 0 0 0 0 0 0 0 0 
0 0 0 0 1 0 1 1 0 1 0 1 0 0 1 
2
1385 0 2473 2 

1450
1450 1434
0 0 0 0 0 0 0 0 0 0 
0 0 0 0 1 0 1 1 0 1 0 1 0 1 0 
2
1449 0 2474 2 

1621
1621 1621
0 0 0 0 0 0 0 0 0 0 
0 0 0 0 1 1 0 0 1 0 1 0 1 0 1 
2
1365 0 1637 2 

1622
1622 1622
0 0 0 0 0 0 0 0 0 0 
0 0 0 0 1 1 0 0 1 0 1 0 1 1 0 
2
1621 0 1638 2 

1625
1625 1625
0 0 0 0 0 0 0 0 0 0 
0 0 0 0 1 1 0 0 1 0 1 1 0 0 1 
2
1621 0 1641 2 

1626
1626 1626
0 0 0 0 0 0 0 0 0 0 
0 0 0 0 1 1 0 0 1 0 1 1 0 1 0 
2
1625 0 1642 2 

1637
1637 1621
0 0 0 0 0 0 0 0 0 0 
0 0 0 0 1 1 0 0 1 1 0 0 1 0 1 
2
1381 0 2661 2 

1638
1638 1622
0 0 0 0 0 0 0 0 0 0 
0 0 0 0 1 1 0 0 1 1 0 0 1 1 0 
2
1637 0 2662 2 

1641
1641 1625
0 0 0 0 0 0 0 0 0 0 
0 0 0 0 1 1 0 0 1 1 0 1 0 0 1 
2
1637 0 2665 2 

1642
1642 1626
0 0 0 0 0 0 0 0 0 0 
0 0 0 0 1 1 0 0 1 1 0 1 0 1 0 
2
1641 0 2666 2 

1685
1685 1685
0 0 0 0 0 0 0 0 0 0 
0 0 0 0 1 1 0 1 0 0 1 0 1 0 1 
2
1621 0 1701 2 

1686
1686 1686
0 0 0 0 0 0 0 0 0 0 
0 0 0 0 1 1 0 1 0 0 1 0 1 1 0 
2
1685 0 1702 2 

1689
1689 1689
0 0 0 0 0 0 0 0 0 0 
0 0 0 0 1 1 0 1 0 0 1 1 0 0 1 
2
1625 0 1705 2 

1690
1690 1690
0 0 0 0 0 0 0 0 0 0 
0 0 0 0 1 1 0 1 0 0 1 1 0 1 0 
2
1689 0 1706 2 

1701
1701 1685
0 0 0 0 0 0 0 0 0 0 
0 0 0 0 1 1 0 1 0 1 0 0 1 0 1 
2
1637 0 2725 2 

1702
1702 1686
0 0 0 0 0 0 0 0 0 0 
0 0 0 0 1 1 0 1 0 1 0 0 1 1 0 
2
1701 0 2726 2 

1705
1705 1689
0 0 0 0 0 0 0 0 0 0 
0 0 0 0 1 1 0 1 0 1 0 1 0 0 1 
2
1641 0 2729 2 

1706
1706 1690
0 0 0 0 0 0 0 0 0 0 
0 0 0 0 1 1 0 1 0 1 0 1 0 1 0 
2
1705 0 2730 2 

2048
2048 0
1 0 0 0 0 0 1 1 0 0 
0 0 0 1 0 0 0 0 0 0 0 0 0 0 0 
1
2080 0 

2080
2080 0
1 0 0 0 0 0 0 0 0 0 
0 0 0 1 0 0 0 0 0 1 0 0 0 0 0 
1
2592 0 

2112
2112 1366
0 0 0 0 0 0 1 1 0 0 
0 0 0 1 0 0 0 0 1 0 0 0 0 0 0 
2
64 0 2048 2 

2113
2113 1366
0 0 0 0 0 0 1 1 0 0 
0 0 0 1 0 0 0 0 1 0 0 0 0 0 1 
2
65 0 2112 2 

2144
2144 1366
0 0 0 0 0 0 0 0 0 0 
0 0 0 1 0 0 0 0 1 1 0 0 0 0 0 
2
2112 0 2080 2 

2145
2145 1366
0 0 0 0 0 0 0 0 0 0 
0 0 0 1 0 0 0 0 1 1 0 0 0 0 1 
2
2113 0 2144 2 

2369
2369 1366
0 0 0 0 0 0 1 1 0 0 
0 0 0 1 0 0 1 0 1 0 0 0 0 0 1 
2
321 0 2113 2 

2373
2373 1366
0 0 0 0 0 0 0 0 0 0 
0 0 0 1 0 0 1 0 1 0 0 0 1 0 1 
2
325 0 2369 2 

2389
2389 2389
0 0 0 0 0 0 0 0 0 0 
0 0 0 1 0 0 1 0 1 0 1 0 1 0 1 
2
1365 0 2373 2 

2390
2390 2390
0 0 0 0 0 0 0 0 0 0 
0 0 0 1 0 0 1 0 1 0 1 0 1 1 0 
2
2389 0 2406 2 

2393
2393 2393
0 0 0 0 0 0 0 0 0 0 
0 0 0 1 0 0 1 0 1 0 1 1 0 0 1 
2
2389 0 2409 2 

2394
2394 2394
0 0 0 0 0 0 0 0 0 0 
0 0 0 1 0 0 1 0 1 0 1 1 0 1 0 
2
2393 0 2410 2 

2401
2401 1366
0 0 0 0 0 0 0 0 0 0 
0 0 0 1 0 0 1 0 1 1 0 0 0 0 1 
2
2369 0 2145 2 

2405
2405 1366
0 0 0 0 0 0 0 0 0 0 
0 0 0 1 0 0 1 0 1 1 0 0 1 0 1 
2
2373 0 2401 2 

2406
2406 1366
0 0 0 0 0 0 0 0 0 0 
0 0 0 1 0 0 1 0 1 1 0 0 1 1 0 
2
2405 0 2410 2 

2409
2409 1366
0 0 0 0 0 0 0 0 0 0 
0 0 0 1 0 0 1 0 1 1 0 1 0 0 1 
2
2401 0 2665 2 

2410
2410 1366
0 0 0 0 0 0 0 0 0 0 
0 0 0 1 0 0 1 0 1 1 0 1 0 1 0 
2
2409 0 2666 2 

2453
2453 2453
0 0 0 0 0 0 0 0 0 0 
0 0 0 1 0 0 1 1 0 0 1 0 1 0 1 
2
2389 0 2469 2 

2454
2454 2454
0 0 0 0 0 0 0 0 0 0 
0 0 0 1 0 0 1 1 0 0 1 0 1 1 0 
2
2453 0 2470 2 

2457
2457 2457
0 0 0 0 0 0 0 0 0 0 
0 0 0 1 0 0 1 1 0 0 1 1 0 0 1 
2
2393 0 2473 2 

2458
2458 2458
0 0 0 0 0 0 0 0 0 0 
0 0 0 1 0 0 1 1 0 0 1 1 0 1 0 
2
2457 0 2474 2 

2469
2469 1429
0 0 0 0 0 0 0 0 0 0 
0 0 0 1 0 0 1 1 0 1 0 0 1 0 1 
2
2405 0 2473 2 

2470
2470 1430
0 0 0 0 0 0 0 0 0 0 
0 0 0 1 0 0 1 1 0 1 0 0 1 1 0 
2
2469 0 2474 2 

2473
2473 1429
0 0 0 0 0 0 0 0 0 0 
0 0 0 1 0 0 1 1 0 1 0 1 0 0 1 
2
2409 0 2729 2 

2474
2474 1430
0 0 0 0 0 0 0 0 0 0 
0 0 0 1 0 0 1 1 0 1 0 1 0 1 0 
2
2473 0 2730 2 

2592
2592 0
1 0 0 0 0 0 0 0 0 0 
0 0 0 1 0 1 0 0 0 1 0 0 0 0 0 
1
2600 0 

2600
2600 0
1 0 0 0 0 0 0 0 0 0 
0 0 0 1 0 1 0 0 0 1 0 1 0 0 0 
1
2728 0 

2645
2645 2645
0 0 0 0 0 0 0 0 0 0 
0 0 0 1 0 1 0 0 1 0 1 0 1 0 1 
2
2389 0 2661 2 

2646
2646 2646
0 0 0 0 0 0 0 0 0 0 
0 0 0 1 0 1 0 0 1 0 1 0 1 1 0 
2
2645 0 2662 2 

2649
2649 2649
0 0 0 0 0 0 0 0 0 0 
0 0 0 1 0 1 0 0 1 0 1 1 0 0 1 
2
2645 0 2665 2 

2650
2650 2650
0 0 0 0 0 0 0 0 0 0 
0 0 0 1 0 1 0 0 1 0 1 1 0 1 0 
2
2649 0 2666 2 

2656
2656 1366
0 0 0 0 0 0 0 0 0 0 
0 0 0 1 0 1 0 0 1 1 0 0 0 0 0 
2
2144 0 2592 2 

2657
2657 1366
0 0 0 0 0 0 0 0 0 0 
0 0 0 1 0 1 0 0 1 1 0 0 0 0 1 
2
2145 0 2656 2 

2661
2661 1621
0 0 0 0 0 0 0 0 0 0 
0 0 0 1 0 1 0 0 1 1 0 0 1 0 1 
2
2405 0 2657 2 

2662
2662 1622
0 0 0 0 0 0 0 0 0 0 
0 0 0 1 0 1 0 0 1 1 0 0 1 1 0 
2
2661 0 2666 2 

2664
2664 1366
0 0 0 0 0 0 0 0 0 0 
0 0 0 1 0 1 0 0 1 1 0 1 0 0 0 
2
2656 0 2600 2 

2665
2665 1366
0 0 0 0 0 0 0 0 0 0 
0 0 0 1 0 1 0 0 1 1 0 1 0 0 1 
2
2657 0 2664 2 

2666
2666 1366
0 0 0 0 0 0 0 0 0 0 
0 0 0 1 0 1 0 0 1 1 0 1 0 1 0 
2
2664 0 2730 2 

2709
2709 2709
0 0 0 0 0 0 0 0 0 0 
0 0 0 1 0 1 0 1 0 0 1 0 1 0 1 
2
2645 0 2725 2 

2710
2710 2710
0 0 0 0 0 0 0 0 0 0 
0 0 0 1 0 1 0 1 0 0 1 0 1 1 0 
2
2709 0 2726 2 

2713
2713 2713
0 0 0 0 0 0 0 0 0 0 
0 0 0 1 0 1 0 1 0 0 1 1 0 0 1 
2
2649 0 2729 2 

2714
2714 2714
0 0 0 0 0 0 0 0 0 0 
0 0 0 1 0 1 0 1 0 0 1 1 0 1 0 
2
2713 0 2730 2 

2725
2725 1685
0 0 0 0 0 0 0 0 0 0 
0 0 0 1 0 1 0 1 0 1 0 0 1 0 1 
2
2661 0 2729 2 

2726
2726 1686
0 0 0 0 0 0 0 0 0 0 
0 0 0 1 0 1 0 1 0 1 0 0 1 1 0 
2
2725 0 2730 2 

2728
2600 0
0 0 0 0 0 0 0 0 0 0 
0 0 0 1 0 1 0 1 0 1 0 1 0 0 0 
1
2600 0 

2729
2729 1429
0 0 0 0 0 0 0 0 0 0 
0 0 0 1 0 1 0 1 0 1 0 1 0 0 1 
2
2665 0 2728 2 

2730
2730 1366
0 0 0 0 0 0 0 0 0 0 
0 0 0 1 0 1 0 1 0 1 0 1 0 1 0 
1
2728 0 

4096
4096 0
0 1 1 1 1 1 1 1 0 1 
0 0 1 0 0 0 0 0 0 0 0 0 0 0 0 
2
12288 1 4160 2 

4160
4160 0
0 1 1 1 1 1 1 1 0 1 
0 0 1 0 0 0 0 0 1 0 0 0 0 0 0 
2
12352 1 4161 2 

4161
24641 0
0 1 1 1 1 1 1 1 0 1 
0 0 1 0 0 0 0 0 1 0 0 0 0 0 1 
2
12353 1 4417 2 

4417
24641 0
0 0 0 0 0 0 1 1 0 1 
0 0 1 0 0 0 1 0 1 0 0 0 0 0 1 
2
4161 2 321 3 

4421
4421 4421
0 0 0 0 0 0 0 0 0 1 
0 0 1 0 0 0 1 0 1 0 0 0 1 0 1 
2
4417 2 325 3 

5445
5445 5445
0 0 0 0 0 0 0 0 0 1 
0 0 1 0 1 0 1 0 1 0 0 0 1 0 1 
2
4421 2 1349 3 

5461
5461 5461
0 0 0 0 0 0 0 0 0 1 
0 0 1 0 1 0 1 0 1 0 1 0 1 0 1 
2
5445 2 1365 3 

5462
5462 5462
0 0 0 0 0 0 0 0 0 1 
0 0 1 0 1 0 1 0 1 0 1 0 1 1 0 
3
5461 0 5478 2 1366 3 

5465
5465 5465
0 0 0 0 0 0 0 0 0 1 
0 0 1 0 1 0 1 0 1 0 1 1 0 0 1 
3
5461 0 5481 2 1369 3 

5466
5466 5466
0 0 0 0 0 0 0 0 0 1 
0 0 1 0 1 0 1 0 1 0 1 1 0 1 0 
3
5465 0 5482 2 1370 3 

5477
5477 5462
0 0 0 0 0 0 0 0 0 1 
0 0 1 0 1 0 1 0 1 1 0 0 1 0 1 
3
5445 0 6501 2 1381 3 

5478
5478 5462
0 0 0 0 0 0 0 0 0 1 
0 0 1 0 1 0 1 0 1 1 0 0 1 1 0 
3
5477 0 6502 2 1382 3 

5481
5481 5465
0 0 0 0 0 0 0 0 0 1 
0 0 1 0 1 0 1 0 1 1 0 1 0 0 1 
3
5477 0 6505 2 1385 3 

5482
5482 5466
0 0 0 0 0 0 0 0 0 1 
0 0 1 0 1 0 1 0 1 1 0 1 0 1 0 
3
5481 0 6506 2 1386 3 

5525
5525 5525
0 0 0 0 0 0 0 0 0 1 
0 0 1 0 1 0 1 1 0 0 1 0 1 0 1 
3
5461 0 5541 2 1429 3 

5526
5526 5526
0 0 0 0 0 0 0 0 0 1 
0 0 1 0 1 0 1 1 0 0 1 0 1 1 0 
3
5525 0 5542 2 1430 3 

5529
5529 5529
0 0 0 0 0 0 0 0 0 1 
0 0 1 0 1 0 1 1 0 0 1 1 0 0 1 
3
5465 0 5545 2 1433 3 

5530
5530 5530
0 0 0 0 0 0 0 0 0 1 
0 0 1 0 1 0 1 1 0 0 1 1 0 1 0 
3
5529 0 5546 2 1434 3 

5541
5541 5525
0 0 0 0 0 0 0 0 0 1 
0 0 1 0 1 0 1 1 0 1 0 0 1 0 1 
3
5477 0 6565 2 1445 3 

5542
5542 5526
0 0 0 0 0 0 0 0 0 1 
0 0 1 0 1 0 1 1 0 1 0 0 1 1 0 
3
5541 0 6566 2 1446 3 

5545
5545 5529
0 0 0 0 0 0 0 0 0 1 
0 0 1 0 1 0 1 1 0 1 0 1 0 0 1 
3
5481 0 6569 2 1449 3 

5546
5546 5530
0 0 0 0 0 0 0 0 0 1 
0 0 1 0 1 0 1 1 0 1 0 1 0 1 0 
3
5545 0 6570 2 1450 3 

5717
5717 5717
0 0 0 0 0 0 0 0 0 1 
0 0 1 0 1 1 0 0 1 0 1 0 1 0 1 
3
5461 0 5733 2 1621 3 

5718
5718 5718
0 0 0 0 0 0 0 0 0 1 
0 0 1 0 1 1 0 0 1 0 1 0 1 1 0 
3
5717 0 5734 2 1622 3 

5721
5721 5721
0 0 0 0 0 0 0 0 0 1 
0 0 1 0 1 1 0 0 1 0 1 1 0 0 1 
3
5717 0 5737 2 1625 3 

5722
5722 5722
0 0 0 0 0 0 0 0 0 1 
0 0 1 0 1 1 0 0 1 0 1 1 0 1 0 
3
5721 0 5738 2 1626 3 

5733
5733 5717
0 0 0 0 0 0 0 0 0 1 
0 0 1 0 1 1 0 0 1 1 0 0 1 0 1 
3
5477 0 6757 2 1637 3 

5734
5734 5718
0 0 0 0 0 0 0 0 0 1 
0 0 1 0 1 1 0 0 1 1 0 0 1 1 0 
3
5733 0 6758 2 1638 3 

5737
5737 5721
0 0 0 0 0 0 0 0 0 1 
0 0 1 0 1 1 0 0 1 1 0 1 0 0 1 
3
5733 0 6761 2 1641 3 

5738
5738 5722
0 0 0 0 0 0 0 0 0 1 
0 0 1 0 1 1 0 0 1 1 0 1 0 1 0 
3
5737 0 6762 2 1642 3 

5781
5781 5781
0 0 0 0 0 0 0 0 0 1 
0 0 1 0 1 1 0 1 0 0 1 0 1 0 1 
3
5717 0 5797 2 1685 3 

5782
5782 5782
0 0 0 0 0 0 0 0 0 1 
0 0 1 0 1 1 0 1 0 0 1 0 1 1 0 
3
5781 0 5798 2 1686 3 

5785
5785 5785
0 0 0 0 0 0 0 0 0 1 
0 0 1 0 1 1 0 1 0 0 1 1 0 0 1 
3
5721 0 5801 2 1689 3 

5786
5786 5786
0 0 0 0 0 0 0 0 0 1 
0 0 1 0 1 1 0 1 0 0 1 1 0 1 0 
3
5785 0 5802 2 1690 3 

5797
5797 5781
0 0 0 0 0 0 0 0 0 1 
0 0 1 0 1 1 0 1 0 1 0 0 1 0 1 
3
5733 0 6821 2 1701 3 

5798
5798 5782
0 0 0 0 0 0 0 0 0 1 
0 0 1 0 1 1 0 1 0 1 0 0 1 1 0 
3
5797 0 6822 2 1702 3 

5801
5801 5785
0 0 0 0 0 0 0 0 0 1 
0 0 1 0 1 1 0 1 0 1 0 1 0 0 1 
3
5737 0 6825 2 1705 3 

5802
5802 5786
0 0 0 0 0 0 0 0 0 1 
0 0 1 0 1 1 0 1 0 1 0 1 0 1 0 
3
5801 0 6826 2 1706 3 

6144
6144 0
1 0 0 0 0 0 1 1 0 1 
0 0 1 1 0 0 0 0 0 0 0 0 0 0 0 
2
6176 0 2048 3 

6176
6176 0
1 0 0 0 0 0 0 0 0 1 
0 0 1 1 0 0 0 0 0 1 0 0 0 0 0 
2
6688 0 2080 3 

6208
6208 5462
0 0 0 0 0 0 1 1 0 1 
0 0 1 1 0 0 0 0 1 0 0 0 0 0 0 
3
4160 0 6144 2 2112 3 

6209
6209 5462
0 0 0 0 0 0 1 1 0 1 
0 0 1 1 0 0 0 0 1 0 0 0 0 0 1 
3
4161 0 6208 2 2113 3 

6240
6240 5462
0 0 0 0 0 0 0 0 0 1 
0 0 1 1 0 0 0 0 1 1 0 0 0 0 0 
3
6208 0 6176 2 2144 3 

6241
6241 5462
0 0 0 0 0 0 0 0 0 1 
0 0 1 1 0 0 0 0 1 1 0 0 0 0 1 
3
6209 0 6240 2 2145 3 

6465
6465 5462
0 0 0 0 0 0 1 1 0 1 
0 0 1 1 0 0 1 0 1 0 0 0 0 0 1 
3
4417 0 6209 2 2369 3 

6469
6469 5462
0 0 0 0 0 0 0 0 0 1 
0 0 1 1 0 0 1 0 1 0 0 0 1 0 1 
3
4421 0 6465 2 2373 3 

6485
6485 6485
0 0 0 0 0 0 0 0 0 1 
0 0 1 1 0 0 1 0 1 0 1 0 1 0 1 
3
5461 0 6469 2 2389 3 

6486
6486 6486
0 0 0 0 0 0 0 0 0 1 
0 0 1 1 0 0 1 0 1 0 1 0 1 1 0 
3
6485 0 6502 2 2390 3 

6489
6489 6489
0 0 0 0 0 0 0 0 0 1 
0 0 1 1 0 0 1 0 1 0 1 1 0 0 1 
3
6485 0 6505 2 2393 3 

6490
6490 6490
0 0 0 0 0 0 0 0 0 1 
0 0 1 1 0 0 1 0 1 0 1 1 0 1 0 
3
6489 0 6506 2 2394 3 

6497
6497 5462
0 0 0 0 0 0 0 0 0 1 
0 0 1 1 0 0 1 0 1 1 0 0 0 0 1 
3
6465 0 6241 2 2401 3 

6501
6501 5462
0 0 0 0 0 0 0 0 0 1 
0 0 1 1 0 0 1 0 1 1 0 0 1 0 1 
3
6469 0 6497 2 2405 3 

6502
6502 5462
0 0 0 0 0 0 0 0 0 1 
0 0 1 1 0 0 1 0 1 1 0 0 1 1 0 
3
6501 0 6506 2 2406 3 

6505
6505 5462
0 0 0 0 0 0 0 0 0 1 
0 0 1 1 0 0 1 0 1 1 0 1 0 0 1 
3
6497 0 6761 2 2409 3 

6506
6506 5462
0 0 0 0 0 0 0 0 0 1 
0 0 1 1 0 0 1 0 1 1 0 1 0 1 0 
3
6505 0 6762 2 2410 3 

6549
6549 6549
0 0 0 0 0 0 0 0 0 1 
0 0 1 1 0 0 1 1 0 0 1 0 1 0 1 
3
6485 0 6565 2 2453 3 

6550
6550 6550
0 0 0 0 0 0 0 0 0 1 
0 0 1 1 0 0 1 1 0 0 1 0 1 1 0 
3
6549 0 6566 2 2454 3 

6553
6553 6553
0 0 0 0 0 0 0 0 0 1 
0 0 1 1 0 0 1 1 0 0 1 1 0 0 1 
3
6489 0 6569 2 2457 3 

6554
6554 6554
0 0 0 0 0 0 0 0 0 1 
0 0 1 1 0 0 1 1 0 0 1 1 0 1 0 
3
6553 0 6570 2 2458 3 

6565
6565 5525
0 0 0 0 0 0 0 0 0 1 
0 0 1 1 0 0 1 1 0 1 0 0 1 0 1 
3
6501 0 6569 2 2469 3 

6566
6566 5526
0 0 0 0 0 0 0 0 0 1 
0 0 1 1 0 0 1 1 0 1 0 0 1 1 0 
3
6565 0 6570 2 2470 3 

6569
6569 5525
0 0 0 0 0 0 0 0 0 1 
0 0 1 1 0 0 1 1 0 1 0 1 0 0 1 
3
6505 0 6825 2 2473 3 

6570
6570 5526
0 0 0 0 0 0 0 0 0 1 
0 0 1 1 0 0 1 1 0 1 0 1 0 1 0 
3
6569 0 6826 2 2474 3 

6688
6688 0
1 0 0 0 0 0 0 0 0 1 
0 0 1 1 0 1 0 0 0 1 0 0 0 0 0 
2
6696 0 2592 3 

6696
6696 0
1 0 0 0 0 0 0 0 0 1 
0 0 1 1 0 1 0 0 0 1 0 1 0 0 0 
2
6824 0 2600 3 

6741
6741 6741
0 0 0 0 0 0 0 0 0 1 
0 0 1 1 0 1 0 0 1 0 1 0 1 0 1 
3
6485 0 6757 2 2645 3 

6742
6742 6742
0 0 0 0 0 0 0 0 0 1 
0 0 1 1 0 1 0 0 1 0 1 0 1 1 0 
3
6741 0 6758 2 2646 3 

6745
6745 6745
0 0 0 0 0 0 0 0 0 1 
0 0 1 1 0 1 0 0 1 0 1 1 0 0 1 
3
6741 0 6761 2 2649 3 

6746
6746 6746
0 0 0 0 0 0 0 0 0 1 
0 0 1 1 0 1 0 0 1 0 1 1 0 1 0 
3
6745 0 6762 2 2650 3 

6752
6752 5462
0 0 0 0 0 0 0 0 0 1 
0 0 1 1 0 1 0 0 1 1 0 0 0 0 0 
3
6240 0 6688 2 2656 3 

6753
6753 5462
0 0 0 0 0 0 0 0 0 1 
0 0 1 1 0 1 0 0 1 1 0 0 0 0 1 
3
6241 0 6752 2 2657 3 

6757
6757 5717
0 0 0 0 0 0 0 0 0 1 
0 0 1 1 0 1 0 0 1 1 0 0 1 0 1 
3
6501 0 6753 2 2661 3 

6758
6758 5718
0 0 0 0 0 0 0 0 0 1 
0 0 1 1 0 1 0 0 1 1 0 0 1 1 0 
3
6757 0 6762 2 2662 3 

6760
6760 5462
0 0 0 0 0 0 0 0 0 1 
0 0 1 1 0 1 0 0 1 1 0 1 0 0 0 
3
6752 0 6696 2 2664 3 

6761
6761 5462
0 0 0 0 0 0 0 0 0 1 
0 0 1 1 0 1 0 0 1 1 0 1 0 0 1 
3
6753 0 6760 2 2665 3 

6762
6762 5462
0 0 0 0 0 0 0 0 0 1 
0 0 1 1 0 1 0 0 1 1 0 1 0 1 0 
3
6760 0 6826 2 2666 3 

6805
6805 6805
0 0 0 0 0 0 0 0 0 1 
0 0 1 1 0 1 0 1 0 0 1 0 1 0 1 
3
6741 0 6821 2 2709 3 

6806
6806 6806
0 0 0 0 0 0 0 0 0 1 
0 0 1 1 0 1 0 1 0 0 1 0 1 1 0 
3
6805 0 6822 2 2710 3 

6809
6809 6809
0 0 0 0 0 0 0 0 0 1 
0 0 1 1 0 1 0 1 0 0 1 1 0 0 1 
3
6745 0 6825 2 2713 3 

6810
6810 6810
0 0 0 0 0 0 0 0 0 1 
0 0 1 1 0 1 0 1 0 0 1 1 0 1 0 
3
6809 0 6826 2 2714 3 

6821
6821 5781
0 0 0 0 0 0 0 0 0 1 
0 0 1 1 0 1 0 1 0 1 0 0 1 0 1 
3
6757 0 6825 2 2725 3 

6822
6822 5782
0 0 0 0 0 0 0 0 0 1 
0 0 1 1 0 1 0 1 0 1 0 0 1 1 0 
3
6821 0 6826 2 2726 3 

6824
6696 0
0 0 0 0 0 0 0 0 0 1 
0 0 1 1 0 1 0 1 0 1 0 1 0 0 0 
2
6696 0 2728 3 

6825
6825 5525
0 0 0 0 0 0 0 0 0 1 
0 0 1 1 0 1 0 1 0 1 0 1 0 0 1 
3
6761 0 6824 2 2729 3 

6826
6826 5462
0 0 0 0 0 0 0 0 0 1 
0 0 1 1 0 1 0 1 0 1 0 1 0 1 0 
2
6824 0 2730 3 

8192
8192 0
0 1 1 1 1 1 1 1 1 0 
0 1 0 0 0 0 0 0 0 0 0 0 0 0 0 
3
24576 1 8256 2 12288 3 

8256
8256 0
0 1 1 1 1 1 1 1 1 0 
0 1 0 0 0 0 0 0 1 0 0 0 0 0 0 
3
24640 1 8257 2 12352 3 

8257
24641 0
0 1 1 1 1 1 1 1 1 0 
0 1 0 0 0 0 0 0 1 0 0 0 0 0 1 
3
24641 1 8513 2 12353 3 

8513
24641 0
0 0 0 0 0 0 1 1 1 0 
0 1 0 0 0 0 1 0 1 0 0 0 0 0 1 
2
321 1 8257 2 

8517
8517 8517
0 0 0 0 0 0 0 0 1 0 
0 1 0 0 0 0 1 0 1 0 0 0 1 0 1 
2
325 1 8513 2 

9541
9541 9541
0 0 0 0 0 0 0 0 1 0 
0 1 0 0 1 0 1 0 1 0 0 0 1 0 1 
2
1349 1 8517 2 

9557
9557 9557
0 0 0 0 0 0 0 0 1 0 
0 1 0 0 1 0 1 0 1 0 1 0 1 0 1 
2
1365 1 9541 2 

9558
9558 9558
0 0 0 0 0 0 0 0 1 0 
0 1 0 0 1 0 1 0 1 0 1 0 1 1 0 
3
9557 0 1366 1 9574 2 

9561
9561 9561
0 0 0 0 0 0 0 0 1 0 
0 1 0 0 1 0 1 0 1 0 1 1 0 0 1 
3
9557 0 1369 1 9577 2 

9562
9562 9562
0 0 0 0 0 0 0 0 1 0 
0 1 0 0 1 0 1 0 1 0 1 1 0 1 0 
3
9561 0 1370 1 9578 2 

9573
9573 9558
0 0 0 0 0 0 0 0 1 0 
0 1 0 0 1 0 1 0 1 1 0 0 1 0 1 
3
9541 0 1381 1 10597 2 

9574
9574 9558
0 0 0 0 0 0 0 0 1 0 
0 1 0 0 1 0 1 0 1 1 0 0 1 1 0 
3
9573 0 1382 1 10598 2 

9577
9577 9561
0 0 0 0 0 0 0 0 1 0 
0 1 0 0 1 0 1 0 1 1 0 1 0 0 1 
3
9573 0 1385 1 10601 2 

9578
9578 9562
0 0 0 0 0 0 0 0 1 0 
0 1 0 0 1 0 1 0 1 1 0 1 0 1 0 
3
9577 0 1386 1 10602 2 

9621
9621 9621
0 0 0 0 0 0 0 0 1 0 
0 1 0 0 1 0 1 1 0 0 1 0 1 0 1 
3
9557 0 1429 1 9637 2 

9622
9622 9622
0 0 0 0 0 0 0 0 1 0 
0 1 0 0 1 0 1 1 0 0 1 0 1 1 0 
3
9621 0 1430 1 9638 2 

9625
9625 9625
0 0 0 0 0 0 0 0 1 0 
0 1 0 0 1 0 1 1 0 0 1 1 0 0 1 
3
9561 0 1433 1 9641 2 

9626
9626 9626
0 0 0 0 0 0 0 0 1 0 
0 1 0 0 1 0 1 1 0 0 1 1 0 1 0 
3
9625 0 1434 1 9642 2 

9637
9637 9621
0 0 0 0 0 0 0 0 1 0 
0 1 0 0 1 0 1 1 0 1 0 0 1 0 1 
3
9573 0 1445 1 10661 2 

9638
9638 9622
0 0 0 0 0 0 0 0 1 0 
0 1 0 0 1 0 1 1 0 1 0 0 1 1 0 
3
9637 0 1446 1 10662 2 

9641
9641 9625
0 0 0 0 0 0 0 0 1 0 
0 1 0 0 1 0 1 1 0 1 0 1 0 0 1 
3
9577 0 1449 1 10665 2 

9642
9642 9626
0 0 0 0 0 0 0 0 1 0 
0 1 0 0 1 0 1 1 0 1 0 1 0 1 0 
3
9641 0 1450 1 10666 2 

9813
9813 9813
0 0 0 0 0 0 0 0 1 0 
0 1 0 0 1 1 0 0 1 0 1 0 1 0 1 
3
9557 0 1621 1 9829 2 

9814
9814 9814
0 0 0 0 0 0 0 0 1 0 
0 1 0 0 1 1 0 0 1 0 1 0 1 1 0 
3
9813 0 1622 1 9830 2 

9817
9817 9817
0 0 0 0 0 0 0 0 1 0 
0 1 0 0 1 1 0 0 1 0 1 1 0 0 1 
3
9813 0 1625 1 9833 2 

9818
9818 9818
0 0 0 0 0 0 0 0 1 0 
0 1 0 0 1 1 0 0 1 0 1 1 0 1 0 
3
9817 0 1626 1 9834 2 

9829
9829 9813
0 0 0 0 0 0 0 0 1 0 
0 1 0 0 1 1 0 0 1 1 0 0 1 0 1 
3
9573 0 1637 1 10853 2 

9830
9830 9814
0 0 0 0 0 0 0 0 1 0 
0 1 0 0 1 1 0 0 1 1 0 0 1 1 0 
3
9829 0 1638 1 10854 2 

9833
9833 9817
0 0 0 0 0 0 0 0 1 0 
0 1 0 0 1 1 0 0 1 1 0 1 0 0 1 
3
9829 0 1641 1 10857 2 

9834
9834 9818
0 0 0 0 0 0 0 0 1 0 
0 1 0 0 1 1 0 0 1 1 0 1 0 1 0 
3
9833 0 1642 1 10858 2 

9877
9877 9877
0 0 0 0 0 0 0 0 1 0 
0 1 0 0 1 1 0 1 0 0 1 0 1 0 1 
3
9813 0 1685 1 9893 2 

9878
9878 9878
0 0 0 0 0 0 0 0 1 0 
0 1 0 0 1 1 0 1 0 0 1 0 1 1 0 
3
9877 0 1686 1 9894 2 

9881
9881 9881
0 0 0 0 0 0 0 0 1 0 
0 1 0 0 1 1 0 1 0 0 1 1 0 0 1 
3
9817 0 1689 1 9897 2 

9882
9882 9882
0 0 0 0 0 0 0 0 1 0 
0 1 0 0 1 1 0 1 0 0 1 1 0 1 0 
3
9881 0 1690 1 9898 2 

9893
9893 9877
0 0 0 0 0 0 0 0 1 0 
0 1 0 0 1 1 0 1 0 1 0 0 1 0 1 
3
9829 0 1701 1 10917 2 

9894
9894 9878
0 0 0 0 0 0 0 0 1 0 
0 1 0 0 1 1 0 1 0 1 0 0 1 1 0 
3
9893 0 1702 1 10918 2 

9897
9897 9881
0 0 0 0 0 0 0 0 1 0 
0 1 0 0 1 1 0 1 0 1 0 1 0 0 1 
3
9833 0 1705 1 10921 2 

9898
9898 9882
0 0 0 0 0 0 0 0 1 0 
0 1 0 0 1 1 0 1 0 1 0 1 0 1 0 
3
9897 0 1706 1 10922 2 

10240
10240 0
1 0 0 0 0 0 1 1 1 0 
0 1 0 1 0 0 0 0 0 0 0 0 0 0 0 
2
10272 0 2048 1 

10272
10272 0
1 0 0 0 0 0 0 0 1 0 
0 1 0 1 0 0 0 0 0 1 0 0 0 0 0 
2
10784 0 2080 1 

10304
10304 9558
0 0 0 0 0 0 1 1 1 0 
0 1 0 1 0 0 0 0 1 0 0 0 0 0 0 
3
8256 0 2112 1 10240 2 

10305
10305 9558
0 0 0 0 0 0 1 1 1 0 
0 1 0 1 0 0 0 0 1 0 0 0 0 0 1 
3
8257 0 2113 1 10304 2 

10336
10336 9558
0 0 0 0 0 0 0 0 1 0 
0 1 0 1 0 0 0 0 1 1 0 0 0 0 0 
3
10304 0 2144 1 10272 2 

10337
10337 9558
0 0 0 0 0 0 0 0 1 0 
0 1 0 1 0 0 0 0 1 1 0 0 0 0 1 
3
10305 0 2145 1 10336 2 

10561
10561 9558
0 0 0 0 0 0 1 1 1 0 
0 1 0 1 0 0 1 0 1 0 0 0 0 0 1 
3
8513 0 2369 1 10305 2 

10565
10565 9558
0 0 0 0 0 0 0 0 1 0 
0 1 0 1 0 0 1 0 1 0 0 0 1 0 1 
3
8517 0 2373 1 10561 2 

10581
10581 10581
0 0 0 0 0 0 0 0 1 0 
0 1 0 1 0 0 1 0 1 0 1 0 1 0 1 
3
9557 0 2389 1 10565 2 

10582
10582 10582
0 0 0 0 0 0 0 0 1 0 
0 1 0 1 0 0 1 0 1 0 1 0 1 1 0 
3
10581 0 2390 1 10598 2 

10585
10585 10585
0 0 0 0 0 0 0 0 1 0 
0 1 0 1 0 0 1 0 1 0 1 1 0 0 1 
3
10581 0 2393 1 10601 2 

10586
10586 10586
0 0 0 0 0 0 0 0 1 0 
0 1 0 1 0 0 1 0 1 0 1 1 0 1 0 
3
10585 0 2394 1 10602 2 

10593
10593 9558
0 0 0 0 0 0 0 0 1 0 
0 1 0 1 0 0 1 0 1 1 0 0 0 0 1 
3
10561 0 2401 1 10337 2 

10597
10597 9558
0 0 0 0 0 0 0 0 1 0 
0 1 0 1 0 0 1 0 1 1 0 0 1 0 1 
3
10565 0 2405 1 10593 2 

10598
10598 9558
0 0 0 0 0 0 0 0 1 0 
0 1 0 1 0 0 1 0 1 1 0 0 1 1 0 
3
10597 0 2406 1 10602 2 

10601
10601 9558
0 0 0 0 0 0 0 0 1 0 
0 1 0 1 0 0 1 0 1 1 0 1 0 0 1 
3
10593 0 2409 1 10857 2 

10602
10602 9558
0 0 0 0 0 0 0 0 1 0 
0 1 0 1 0 0 1 0 1 1 0 1 0 1 0 
3
10601 0 2410 1 10858 2 

10645
10645 10645
0 0 0 0 0 0 0 0 1 0 
0 1 0 1 0 0 1 1 0 0 1 0 1 0 1 
3
10581 0 2453 1 10661 2 

10646
10646 10646
0 0 0 0 0 0 0 0 1 0 
0 1 0 1 0 0 1 1 0 0 1 0 1 1 0 
3
10645 0 2454 1 10662 2 

10649
10649 10649
0 0 0 0 0 0 0 0 1 0 
0 1 0 1 0 0 1 1 0 0 1 1 0 0 1 
3
10585 0 2457 1 10665 2 

10650
10650 10650
0 0 0 0 0 0 0 0 1 0 
0 1 0 1 0 0 1 1 0 0 1 1 0 1 0 
3
10649 0 2458 1 10666 2 

10661
10661 9621
0 0 0 0 0 0 0 0 1 0 
0 1 0 1 0 0 1 1 0 1 0 0 1 0 1 
3
10597 0 2469 1 10665 2 

10662
10662 9622
0 0 0 0 0 0 0 0 1 0 
0 1 0 1 0 0 1 1 0 1 0 0 1 1 0 
3
10661 0 2470 1 10666 2 

10665
10665 9621
0 0 0 0 0 0 0 0 1 0 
0 1 0 1 0 0 1 1 0 1 0 1 0 0 1 
3
10601 0 2473 1 10921 2 

10666
10666 9622
0 0 0 0 0 0 0 0 1 0 
0 1 0 1 0 0 1 1 0 1 0 1 0 1 0 
3
10665 0 2474 1 10922 2 

10784
10784 0
1 0 0 0 0 0 0 0 1 0 
0 1 0 1 0 1 0 0 0 1 0 0 0 0 0 
2
10792 0 2592 1 

10792
10920 0
1 0 0 0 0 0 0 0 1 0 
0 1 0 1 0 1 0 0 0 1 0 1 0 0 0 
2
10920 0 2600 1 

10837
10837 10837
0 0 0 0 0 0 0 0 1 0 
0 1 0 1 0 1 0 0 1 0 1 0 1 0 1 
3
10581 0 2645 1 10853 2 

10838
10838 10838
0 0 0 0 0 0 0 0 1 0 
0 1 0 1 0 1 0 0 1 0 1 0 1 1 0 
3
10837 0 2646 1 10854 2 

10841
10841 10841
0 0 0 0 0 0 0 0 1 0 
0 1 0 1 0 1 0 0 1 0 1 1 0 0 1 
3
10837 0 2649 1 10857 2 

10842
10842 10842
0 0 0 0 0 0 0 0 1 0 
0 1 0 1 0 1 0 0 1 0 1 1 0 1 0 
3
10841 0 2650 1 10858 2 

10848
10848 9558
0 0 0 0 0 0 0 0 1 0 
0 1 0 1 0 1 0 0 1 1 0 0 0 0 0 
3
10336 0 2656 1 10784 2 

10849
10849 9558
0 0 0 0 0 0 0 0 1 0 
0 1 0 1 0 1 0 0 1 1 0 0 0 0 1 
3
10337 0 2657 1 10848 2 

10853
10853 9813
0 0 0 0 0 0 0 0 1 0 
0 1 0 1 0 1 0 0 1 1 0 0 1 0 1 
3
10597 0 2661 1 10849 2 

10854
10854 9814
0 0 0 0 0 0 0 0 1 0 
0 1 0 1 0 1 0 0 1 1 0 0 1 1 0 
3
10853 0 2662 1 10858 2 

10856
10856 9558
0 0 0 0 0 0 0 0 1 0 
0 1 0 1 0 1 0 0 1 1 0 1 0 0 0 
3
10848 0 2664 1 10792 2 

10857
10857 9558
0 0 0 0 0 0 0 0 1 0 
0 1 0 1 0 1 0 0 1 1 0 1 0 0 1 
3
10849 0 2665 1 10856 2 

10858
10858 9558
0 0 0 0 0 0 0 0 1 0 
0 1 0 1 0 1 0 0 1 1 0 1 0 1 0 
3
10856 0 2666 1 10922 2 

10901
10901 10901
0 0 0 0 0 0 0 0 1 0 
0 1 0 1 0 1 0 1 0 0 1 0 1 0 1 
3
10837 0 2709 1 10917 2 

10902
10902 10902
0 0 0 0 0 0 0 0 1 0 
0 1 0 1 0 1 0 1 0 0 1 0 1 1 0 
3
10901 0 2710 1 10918 2 

10905
10905 10905
0 0 0 0 0 0 0 0 1 0 
0 1 0 1 0 1 0 1 0 0 1 1 0 0 1 
3
10841 0 2713 1 10921 2 

10906
10906 10906
0 0 0 0 0 0 0 0 1 0 
0 1 0 1 0 1 0 1 0 0 1 1 0 1 0 
3
10905 0 2714 1 10922 2 

10917
10917 9877
0 0 0 0 0 0 0 0 1 0 
0 1 0 1 0 1 0 1 0 1 0 0 1 0 1 
3
10853 0 2725 1 10921 2 

10918
10918 9878
0 0 0 0 0 0 0 0 1 0 
0 1 0 1 0 1 0 1 0 1 0 0 1 1 0 
3
10917 0 2726 1 10922 2 

10920
10920 0
0 0 0 0 0 0 0 0 1 0 
0 1 0 1 0 1 0 1 0 1 0 1 0 0 0 
2
10792 0 2728 1 

10921
10921 9621
0 0 0 0 0 0 0 0 1 0 
0 1 0 1 0 1 0 1 0 1 0 1 0 0 1 
3
10857 0 2729 1 10920 2 

10922
10922 9558
0 0 0 0 0 0 0 0 1 0 
0 1 0 1 0 1 0 1 0 1 0 1 0 1 0 
2
10920 0 2730 1 

12288
12288 0
0 1 1 1 1 1 1 1 1 1 
0 1 1 0 0 0 0 0 0 0 0 0 0 0 0 
2
28672 1 12352 2 

12352
12352 0
0 1 1 1 1 1 1 1 1 1 
0 1 1 0 0 0 0 0 1 0 0 0 0 0 0 
2
28736 1 12353 2 

12353
24641 0
0 1 1 1 1 1 1 1 1 1 
0 1 1 0 0 0 0 0 1 0 0 0 0 0 1 
2
28737 1 12609 2 

12609
24641 0
0 0 0 0 0 0 1 1 1 1 
0 1 1 0 0 0 1 0 1 0 0 0 0 0 1 
3
4417 1 12353 2 8513 3 

12613
12613 12613
0 0 0 0 0 0 0 0 1 1 
0 1 1 0 0 0 1 0 1 0 0 0 1 0 1 
3
4421 1 12609 2 8517 3 

13637
13637 13637
0 0 0 0 0 0 0 0 1 1 
0 1 1 0 1 0 1 0 1 0 0 0 1 0 1 
3
5445 1 12613 2 9541 3 

13653
13653 13653
0 0 0 0 0 0 0 0 1 1 
0 1 1 0 1 0 1 0 1 0 1 0 1 0 1 
3
5461 1 13637 2 9557 3 

13654
13654 13654
0 0 0 0 0 0 0 0 1 1 
0 1 1 0 1 0 1 0 1 0 1 0 1 1 0 
4
13653 0 5462 1 13670 2 9558 3 

13657
13657 13657
0 0 0 0 0 0 0 0 1 1 
0 1 1 0 1 0 1 0 1 0 1 1 0 0 1 
4
13653 0 5465 1 13673 2 9561 3 

13658
13658 13658
0 0 0 0 0 0 0 0 1 1 
0 1 1 0 1 0 1 0 1 0 1 1 0 1 0 
4
13657 0 5466 1 13674 2 9562 3 

13669
13669 13654
0 0 0 0 0 0 0 0 1 1 
0 1 1 0 1 0 1 0 1 1 0 0 1 0 1 
4
13637 0 5477 1 14693 2 9573 3 

13670
13670 13654
0 0 0 0 0 0 0 0 1 1 
0 1 1 0 1 0 1 0 1 1 0 0 1 1 0 
4
13669 0 5478 1 14694 2 9574 3 

13673
13673 13657
0 0 0 0 0 0 0 0 1 1 
0 1 1 0 1 0 1 0 1 1 0 1 0 0 1 
4
13669 0 5481 1 14697 2 9577 3 

13674
13674 13658
0 0 0 0 0 0 0 0 1 1 
0 1 1 0 1 0 1 0 1 1 0 1 0 1 0 
4
13673 0 5482 1 14698 2 9578 3 

13717
13717 13717
0 0 0 0 0 0 0 0 1 1 
0 1 1 0 1 0 1 1 0 0 1 0 1 0 1 
4
13653 0 5525 1 13733 2 9621 3 

13718
13718 13718
0 0 0 0 0 0 0 0 1 1 
0 1 1 0 1 0 1 1 0 0 1 0 1 1 0 
4
13717 0 5526 1 13734 2 9622 3 

13721
13721 13721
0 0 0 0 0 0 0 0 1 1 
0 1 1 0 1 0 1 1 0 0 1 1 0 0 1 
4
13657 0 5529 1 13737 2 9625 3 

13722
13722 13722
0 0 0 0 0 0 0 0 1 1 
0 1 1 0 1 0 1 1 0 0 1 1 0 1 0 
4
13721 0 5530 1 13738 2 9626 3 

13733
13733 13717
0 0 0 0 0 0 0 0 1 1 
0 1 1 0 1 0 1 1 0 1 0 0 1 0 1 
4
13669 0 5541 1 14757 2 9637 3 

13734
13734 13718
0 0 0 0 0 0 0 0 1 1 
0 1 1 0 1 0 1 1 0 1 0 0 1 1 0 
4
13733 0 5542 1 14758 2 9638 3 

13737
13737 13721
0 0 0 0 0 0 0 0 1 1 
0 1 1 0 1 0 1 1 0 1 0 1 0 0 1 
4
13673 0 5545 1 14761 2 9641 3 

13738
13738 13722
0 0 0 0 0 0 0 0 1 1 
0 1 1 0 1 0 1 1 0 1 0 1 0 1 0 
4
13737 0 5546 1 14762 2 9642 3 

13909
13909 13909
0 0 0 0 0 0 0 0 1 1 
0 1 1 0 1 1 0 0 1 0 1 0 1 0 1 
4
13653 0 5717 1 13925 2 9813 3 

13910
13910 13910
0 0 0 0 0 0 0 0 1 1 
0 1 1 0 1 1 0 0 1 0 1 0 1 1 0 
4
13909 0 5718 1 13926 2 9814 3 

13913
13913 13913
0 0 0 0 0 0 0 0 1 1 
0 1 1 0 1 1 0 0 1 0 1 1 0 0 1 
4
13909 0 5721 1 13929 2 9817 3 

13914
13914 13914
0 0 0 0 0 0 0 0 1 1 
0 1 1 0 1 1 0 0 1 0 1 1 0 1 0 
4
13913 0 5722 1 13930 2 9818 3 

13925
13925 13909
0 0 0 0 0 0 0 0 1 1 
0 1 1 0 1 1 0 0 1 1 0 0 1 0 1 
4
13669 0 5733 1 14949 2 9829 3 

13926
13926 13910
0 0 0 0 0 0 0 0 1 1 
0 1 1 0 1 1 0 0 1 1 0 0 1 1 0 
4
13925 0 5734 1 14950 2 9830 3 

13929
13929 13913
0 0 0 0 0 0 0 0 1 1 
0 1 1 0 1 1 0 0 1 1 0 1 0 0 1 
4
13925 0 5737 1 14953 2 9833 3 

13930
13930 13914
0 0 0 0 0 0 0 0 1 1 
0 1 1 0 1 1 0 0 1 1 0 1 0 1 0 
4
13929 0 5738 1 14954 2 9834 3 

13973
13973 13973
0 0 0 0 0 0 0 0 1 1 
0 1 1 0 1 1 0 1 0 0 1 0 1 0 1 
4
13909 0 5781 1 13989 2 9877 3 

13974
13974 13974
0 0 0 0 0 0 0 0 1 1 
0 1 1 0 1 1 0 1 0 0 1 0 1 1 0 
4
13973 0 5782 1 13990 2 9878 3 

13977
13977 13977
0 0 0 0 0 0 0 0 1 1 
0 1 1 0 1 1 0 1 0 0 1 1 0 0 1 
4
13913 0 5785 1 13993 2 9881 3 

13978
13978 13978
0 0 0 0 0 0 0 0 1 1 
0 1 1 0 1 1 0 1 0 0 1 1 0 1 0 
4
13977 0 5786 1 13994 2 9882 3 

13989
13989 13973
0 0 0 0 0 0 0 0 1 1 
0 1 1 0 1 1 0 1 0 1 0 0 1 0 1 
4
13925 0 5797 1 15013 2 9893 3 

13990
13990 13974
0 0 0 0 0 0 0 0 1 1 
0 1 1 0 1 1 0 1 0 1 0 0 1 1 0 
4
13989 0 5798 1 15014 2 9894 3 

13993
13993 13977
0 0 0 0 0 0 0 0 1 1 
0 1 1 0 1 1 0 1 0 1 0 1 0 0 1 
4
13929 0 5801 1 15017 2 9897 3 

13994
13994 13978
0 0 0 0 0 0 0 0 1 1 
0 1 1 0 1 1 0 1 0 1 0 1 0 1 0 
4
13993 0 5802 1 15018 2 9898 3 

14336
14336 0
1 0 0 0 0 0 1 1 1 1 
0 1 1 1 0 0 0 0 0 0 0 0 0 0 0 
3
14368 0 6144 1 10240 3 

14368
14368 0
1 0 0 0 0 0 0 0 1 1 
0 1 1 1 0 0 0 0 0 1 0 0 0 0 0 
3
14880 0 6176 1 10272 3 

14400
14400 13654
0 0 0 0 0 0 1 1 1 1 
0 1 1 1 0 0 0 0 1 0 0 0 0 0 0 
4
12352 0 6208 1 14336 2 10304 3 

14401
14401 13654
0 0 0 0 0 0 1 1 1 1 
0 1 1 1 0 0 0 0 1 0 0 0 0 0 1 
4
12353 0 6209 1 14400 2 10305 3 

14432
14432 13654
0 0 0 0 0 0 0 0 1 1 
0 1 1 1 0 0 0 0 1 1 0 0 0 0 0 
4
14400 0 6240 1 14368 2 10336 3 

14433
14433 13654
0 0 0 0 0 0 0 0 1 1 
0 1 1 1 0 0 0 0 1 1 0 0 0 0 1 
4
14401 0 6241 1 14432 2 10337 3 

14657
14657 13654
0 0 0 0 0 0 1 1 1 1 
0 1 1 1 0 0 1 0 1 0 0 0 0 0 1 
4
12609 0 6465 1 14401 2 10561 3 

14661
14661 13654
0 0 0 0 0 0 0 0 1 1 
0 1 1 1 0 0 1 0 1 0 0 0 1 0 1 
4
12613 0 6469 1 14657 2 10565 3 

14677
14677 14677
0 0 0 0 0 0 0 0 1 1 
0 1 1 1 0 0 1 0 1 0 1 0 1 0 1 
4
13653 0 6485 1 14661 2 10581 3 

14678
14678 14678
0 0 0 0 0 0 0 0 1 1 
0 1 1 1 0 0 1 0 1 0 1 0 1 1 0 
4
14677 0 6486 1 14694 2 10582 3 

14681
14681 14681
0 0 0 0 0 0 0 0 1 1 
0 1 1 1 0 0 1 0 1 0 1 1 0 0 1 
4
14677 0 6489 1 14697 2 10585 3 

14682
14682 14682
0 0 0 0 0 0 0 0 1 1 
0 1 1 1 0 0 1 0 1 0 1 1 0 1 0 
4
14681 0 6490 1 14698 2 10586 3 

14689
14689 13654
0 0 0 0 0 0 0 0 1 1 
0 1 1 1 0 0 1 0 1 1 0 0 0 0 1 
4
14657 0 6497 1 14433 2 10593 3 

14693
14693 13654
0 0 0 0 0 0 0 0 1 1 
0 1 1 1 0 0 1 0 1 1 0 0 1 0 1 
4
14661 0 6501 1 14689 2 10597 3 

14694
14694 13654
0 0 0 0 0 0 0 0 1 1 
0 1 1 1 0 0 1 0 1 1 0 0 1 1 0 
4
14693 0 6502 1 14698 2 10598 3 

14697
14697 13654
0 0 0 0 0 0 0 0 1 1 
0 1 1 1 0 0 1 0 1 1 0 1 0 0 1 
4
14689 0 6505 1 14953 2 10601 3 

14698
14698 13654
0 0 0 0 0 0 0 0 1 1 
0 1 1 1 0 0 1 0 1 1 0 1 0 1 0 
4
14697 0 6506 1 14954 2 10602 3 

14741
14741 14741
0 0 0 0 0 0 0 0 1 1 
0 1 1 1 0 0 1 1 0 0 1 0 1 0 1 
4
14677 0 6549 1 14757 2 10645 3 

14742
14742 14742
0 0 0 0 0 0 0 0 1 1 
0 1 1 1 0 0 1 1 0 0 1 0 1 1 0 
4
14741 0 6550 1 14758 2 10646 3 

14745
14745 14745
0 0 0 0 0 0 0 0 1 1 
0 1 1 1 0 0 1 1 0 0 1 1 0 0 1 
4
14681 0 6553 1 14761 2 10649 3 

14746
14746 14746
0 0 0 0 0 0 0 0 1 1 
0 1 1 1 0 0 1 1 0 0 1 1 0 1 0 
4
14745 0 6554 1 14762 2 10650 3 

14757
14757 13717
0 0 0 0 0 0 0 0 1 1 
0 1 1 1 0 0 1 1 0 1 0 0 1 0 1 
4
14693 0 6565 1 14761 2 10661 3 

14758
14758 13718
0 0 0 0 0 0 0 0 1 1 
0 1 1 1 0 0 1 1 0 1 0 0 1 1 0 
4
14757 0 6566 1 14762 2 10662 3 

14761
14761 13717
0 0 0 0 0 0 0 0 1 1 
0 1 1 1 0 0 1 1 0 1 0 1 0 0 1 
4
14697 0 6569 1 15017 2 10665 3 

14762
14762 13718
0 0 0 0 0 0 0 0 1 1 
0 1 1 1 0 0 1 1 0 1 0 1 0 1 0 
4
14761 0 6570 1 15018 2 10666 3 

14880
14880 0
1 0 0 0 0 0 0 0 1 1 
0 1 1 1 0 1 0 0 0 1 0 0 0 0 0 
3
14888 0 6688 1 10784 3 

14888
15016 0
1 0 0 0 0 0 0 0 1 1 
0 1 1 1 0 1 0 0 0 1 0 1 0 0 0 
3
15016 0 6696 1 10792 3 

14933
14933 14933
0 0 0 0 0 0 0 0 1 1 
0 1 1 1 0 1 0 0 1 0 1 0 1 0 1 
4
14677 0 6741 1 14949 2 10837 3 

14934
14934 14934
0 0 0 0 0 0 0 0 1 1 
0 1 1 1 0 1 0 0 1 0 1 0 1 1 0 
4
14933 0 6742 1 14950 2 10838 3 

14937
14937 14937
0 0 0 0 0 0 0 0 1 1 
0 1 1 1 0 1 0 0 1 0 1 1 0 0 1 
4
14933 0 6745 1 14953 2 10841 3 

14938
14938 14938
0 0 0 0 0 0 0 0 1 1 
0 1 1 1 0 1 0 0 1 0 1 1 0 1 0 
4
14937 0 6746 1 14954 2 10842 3 

14944
14944 13654
0 0 0 0 0 0 0 0 1 1 
0 1 1 1 0 1 0 0 1 1 0 0 0 0 0 
4
14432 0 6752 1 14880 2 10848 3 

14945
14945 13654
0 0 0 0 0 0 0 0 1 1 
0 1 1 1 0 1 0 0 1 1 0 0 0 0 1 
4
14433 0 6753 1 14944 2 10849 3 

14949
14949 13909
0 0 0 0 0 0 0 0 1 1 
0 1 1 1 0 1 0 0 1 1 0 0 1 0 1 
4
14693 0 6757 1 14945 2 10853 3 

14950
14950 13910
0 0 0 0 0 0 0 0 1 1 
0 1 1 1 0 1 0 0 1 1 0 0 1 1 0 
4
14949 0 6758 1 14954 2 10854 3 

14952
14952 13654
0 0 0 0 0 0 0 0 1 1 
0 1 1 1 0 1 0 0 1 1 0 1 0 0 0 
4
14944 0 6760 1 14888 2 10856 3 

14953
14953 13654
0 0 0 0 0 0 0 0 1 1 
0 1 1 1 0 1 0 0 1 1 0 1 0 0 1 
4
14945 0 6761 1 14952 2 10857 3 

14954
14954 13654
0 0 0 0 0 0 0 0 1 1 
0 1 1 1 0 1 0 0 1 1 0 1 0 1 0 
4
14952 0 6762 1 15018 2 10858 3 

14997
14997 14997
0 0 0 0 0 0 0 0 1 1 
0 1 1 1 0 1 0 1 0 0 1 0 1 0 1 
4
14933 0 6805 1 15013 2 10901 3 

14998
14998 14998
0 0 0 0 0 0 0 0 1 1 
0 1 1 1 0 1 0 1 0 0 1 0 1 1 0 
4
14997 0 6806 1 15014 2 10902 3 

15001
15001 15001
0 0 0 0 0 0 0 0 1 1 
0 1 1 1 0 1 0 1 0 0 1 1 0 0 1 
4
14937 0 6809 1 15017 2 10905 3 

15002
15002 15002
0 0 0 0 0 0 0 0 1 1 
0 1 1 1 0 1 0 1 0 0 1 1 0 1 0 
4
15001 0 6810 1 15018 2 10906 3 

15013
15013 13973
0 0 0 0 0 0 0 0 1 1 
0 1 1 1 0 1 0 1 0 1 0 0 1 0 1 
4
14949 0 6821 1 15017 2 10917 3 

15014
15014 13974
0 0 0 0 0 0 0 0 1 1 
0 1 1 1 0 1 0 1 0 1 0 0 1 1 0 
4
15013 0 6822 1 15018 2 10918 3 

15016
15016 0
0 0 0 0 0 0 0 0 1 1 
0 1 1 1 0 1 0 1 0 1 0 1 0 0 0 
3
14888 0 6824 1 10920 3 

15017
15017 13717
0 0 0 0 0 0 0 0 1 1 
0 1 1 1 0 1 0 1 0 1 0 1 0 0 1 
4
14953 0 6825 1 15016 2 10921 3 

15018
15018 13654
0 0 0 0 0 0 0 0 1 1 
0 1 1 1 0 1 0 1 0 1 0 1 0 1 0 
3
15016 0 6826 1 10922 3 

24576
24576 0
1 1 1 1 1 1 1 1 1 0 
1 1 0 0 0 0 0 0 0 0 0 0 0 0 0 
3
26624 0 24640 2 28672 3 

24640
24640 0
0 1 1 1 1 1 1 1 1 0 
1 1 0 0 0 0 0 0 1 0 0 0 0 0 0 
2
24641 2 28736 3 

24641
24641 0
0 1 1 1 1 1 1 1 1 0 
1 1 0 0 0 0 0 0 1 0 0 0 0 0 1 
2
24897 2 28737 3 

24897
24641 0
0 0 0 0 0 0 1 1 1 0 
1 1 0 0 0 0 1 0 1 0 0 0 0 0 1 
2
8513 1 24641 2 

24901
24901 24901
0 0 0 0 0 0 0 0 1 0 
1 1 0 0 0 0 1 0 1 0 0 0 1 0 1 
2
8517 1 24897 2 

25925
25925 25925
0 0 0 0 0 0 0 0 1 0 
1 1 0 0 1 0 1 0 1 0 0 0 1 0 1 
2
9541 1 24901 2 

25941
25941 25941
0 0 0 0 0 0 0 0 1 0 
1 1 0 0 1 0 1 0 1 0 1 0 1 0 1 
2
9557 1 25925 2 

25942
25942 25942
0 0 0 0 0 0 0 0 1 0 
1 1 0 0 1 0 1 0 1 0 1 0 1 1 0 
3
25941 0 9558 1 25958 2 

25945
25945 25945
0 0 0 0 0 0 0 0 1 0 
1 1 0 0 1 0 1 0 1 0 1 1 0 0 1 
3
25941 0 9561 1 25961 2 

25946
25946 25946
0 0 0 0 0 0 0 0 1 0 
1 1 0 0 1 0 1 0 1 0 1 1 0 1 0 
3
25945 0 9562 1 25962 2 

25957
25957 25942
0 0 0 0 0 0 0 0 1 0 
1 1 0 0 1 0 1 0 1 1 0 0 1 0 1 
3
25925 0 9573 1 26981 2 

25958
25958 25942
0 0 0 0 0 0 0 0 1 0 
1 1 0 0 1 0 1 0 1 1 0 0 1 1 0 
3
25957 0 9574 1 26982 2 

25961
25961 25945
0 0 0 0 0 0 0 0 1 0 
1 1 0 0 1 0 1 0 1 1 0 1 0 0 1 
3
25957 0 9577 1 26985 2 

25962
25962 25946
0 0 0 0 0 0 0 0 1 0 
1 1 0 0 1 0 1 0 1 1 0 1 0 1 0 
3
25961 0 9578 1 26986 2 

26005
26005 26005
0 0 0 0 0 0 0 0 1 0 
1 1 0 0 1 0 1 1 0 0 1 0 1 0 1 
3
25941 0 9621 1 26021 2 

26006
26006 26006
0 0 0 0 0 0 0 0 1 0 
1 1 0 0 1 0 1 1 0 0 1 0 1 1 0 
3
26005 0 9622 1 26022 2 

26009
26009 26009
0 0 0 0 0 0 0 0 1 0 
1 1 0 0 1 0 1 1 0 0 1 1 0 0 1 
3
25945 0 9625 1 26025 2 

26010
26010 26010
0 0 0 0 0 0 0 0 1 0 
1 1 0 0 1 0 1 1 0 0 1 1 0 1 0 
3
26009 0 9626 1 26026 2 

26021
26021 26005
0 0 0 0 0 0 0 0 1 0 
1 1 0 0 1 0 1 1 0 1 0 0 1 0 1 
3
25957 0 9637 1 27045 2 

26022
26022 26006
0 0 0 0 0 0 0 0 1 0 
1 1 0 0 1 0 1 1 0 1 0 0 1 1 0 
3
26021 0 9638 1 27046 2 

26025
26025 26009
0 0 0 0 0 0 0 0 1 0 
1 1 0 0 1 0 1 1 0 1 0 1 0 0 1 
3
25961 0 9641 1 27049 2 

26026
26026 26010
0 0 0 0 0 0 0 0 1 0 
1 1 0 0 1 0 1 1 0 1 0 1 0 1 0 
3
26025 0 9642 1 27050 2 

26197
26197 26197
0 0 0 0 0 0 0 0 1 0 
1 1 0 0 1 1 0 0 1 0 1 0 1 0 1 
3
25941 0 9813 1 26213 2 

26198
26198 26198
0 0 0 0 0 0 0 0 1 0 
1 1 0 0 1 1 0 0 1 0 1 0 1 1 0 
3
26197 0 9814 1 26214 2 

26201
26201 26201
0 0 0 0 0 0 0 0 1 0 
1 1 0 0 1 1 0 0 1 0 1 1 0 0 1 
3
26197 0 9817 1 26217 2 

26202
26202 26202
0 0 0 0 0 0 0 0 1 0 
1 1 0 0 1 1 0 0 1 0 1 1 0 1 0 
3
26201 0 9818 1 26218 2 

26213
26213 26197
0 0 0 0 0 0 0 0 1 0 
1 1 0 0 1 1 0 0 1 1 0 0 1 0 1 
3
25957 0 9829 1 27237 2 

26214
26214 26198
0 0 0 0 0 0 0 0 1 0 
1 1 0 0 1 1 0 0 1 1 0 0 1 1 0 
3
26213 0 9830 1 27238 2 

26217
26217 26201
0 0 0 0 0 0 0 0 1 0 
1 1 0 0 1 1 0 0 1 1 0 1 0 0 1 
3
26213 0 9833 1 27241 2 

26218
26218 26202
0 0 0 0 0 0 0 0 1 0 
1 1 0 0 1 1 0 0 1 1 0 1 0 1 0 
3
26217 0 9834 1 27242 2 

26261
26261 26261
0 0 0 0 0 0 0 0 1 0 
1 1 0 0 1 1 0 1 0 0 1 0 1 0 1 
3
26197 0 9877 1 26277 2 

26262
26262 26262
0 0 0 0 0 0 0 0 1 0 
1 1 0 0 1 1 0 1 0 0 1 0 1 1 0 
3
26261 0 9878 1 26278 2 

26265
26265 26265
0 0 0 0 0 0 0 0 1 0 
1 1 0 0 1 1 0 1 0 0 1 1 0 0 1 
3
26201 0 9881 1 26281 2 

26266
26266 26266
0 0 0 0 0 0 0 0 1 0 
1 1 0 0 1 1 0 1 0 0 1 1 0 1 0 
3
26265 0 9882 1 26282 2 

26277
26277 26261
0 0 0 0 0 0 0 0 1 0 
1 1 0 0 1 1 0 1 0 1 0 0 1 0 1 
3
26213 0 9893 1 27301 2 

26278
26278 26262
0 0 0 0 0 0 0 0 1 0 
1 1 0 0 1 1 0 1 0 1 0 0 1 1 0 
3
26277 0 9894 1 27302 2 

26281
26281 26265
0 0 0 0 0 0 0 0 1 0 
1 1 0 0 1 1 0 1 0 1 0 1 0 0 1 
3
26217 0 9897 1 27305 2 

26282
26282 26266
0 0 0 0 0 0 0 0 1 0 
1 1 0 0 1 1 0 1 0 1 0 1 0 1 0 
3
26281 0 9898 1 27306 2 

26624
26624 0
1 0 0 0 0 0 1 1 1 0 
1 1 0 1 0 0 0 0 0 0 0 0 0 0 0 
2
26656 0 10240 1 

26656
26656 0
1 0 0 0 0 0 0 0 1 0 
1 1 0 1 0 0 0 0 0 1 0 0 0 0 0 
2
27168 0 10272 1 

26688
26688 25942
0 0 0 0 0 0 1 1 1 0 
1 1 0 1 0 0 0 0 1 0 0 0 0 0 0 
3
24640 0 10304 1 26624 2 

26689
26689 25942
0 0 0 0 0 0 1 1 1 0 
1 1 0 1 0 0 0 0 1 0 0 0 0 0 1 
3
24641 0 10305 1 26688 2 

26720
26720 25942
0 0 0 0 0 0 0 0 1 0 
1 1 0 1 0 0 0 0 1 1 0 0 0 0 0 
3
26688 0 10336 1 26656 2 

26721
26721 25942
0 0 0 0 0 0 0 0 1 0 
1 1 0 1 0 0 0 0 1 1 0 0 0 0 1 
3
26689 0 10337 1 26720 2 

26945
26945 25942
0 0 0 0 0 0 1 1 1 0 
1 1 0 1 0 0 1 0 1 0 0 0 0 0 1 
3
24897 0 10561 1 26689 2 

26949
26949 25942
0 0 0 0 0 0 0 0 1 0 
1 1 0 1 0 0 1 0 1 0 0 0 1 0 1 
3
24901 0 10565 1 26945 2 

26965
26965 26965
0 0 0 0 0 0 0 0 1 0 
1 1 0 1 0 0 1 0 1 0 1 0 1 0 1 
3
25941 0 10581 1 26949 2 

26966
26966 26966
0 0 0 0 0 0 0 0 1 0 
1 1 0 1 0 0 1 0 1 0 1 0 1 1 0 
3
26965 0 10582 1 26982 2 

26969
26969 26969
0 0 0 0 0 0 0 0 1 0 
1 1 0 1 0 0 1 0 1 0 1 1 0 0 1 
3
26965 0 10585 1 26985 2 

26970
26970 26970
0 0 0 0 0 0 0 0 1 0 
1 1 0 1 0 0 1 0 1 0 1 1 0 1 0 
3
26969 0 10586 1 26986 2 

26977
26977 25942
0 0 0 0 0 0 0 0 1 0 
1 1 0 1 0 0 1 0 1 1 0 0 0 0 1 
3
26945 0 10593 1 26721 2 

26981
26981 25942
0 0 0 0 0 0 0 0 1 0 
1 1 0 1 0 0 1 0 1 1 0 0 1 0 1 
3
26949 0 10597 1 26977 2 

26982
26982 25942
0 0 0 0 0 0 0 0 1 0 
1 1 0 1 0 0 1 0 1 1 0 0 1 1 0 
3
26981 0 10598 1 26986 2 

26985
26985 25942
0 0 0 0 0 0 0 0 1 0 
1 1 0 1 0 0 1 0 1 1 0 1 0 0 1 
3
26977 0 10601 1 27241 2 

26986
26986 25942
0 0 0 0 0 0 0 0 1 0 
1 1 0 1 0 0 1 0 1 1 0 1 0 1 0 
3
26985 0 10602 1 27242 2 

27029
27029 27029
0 0 0 0 0 0 0 0 1 0 
1 1 0 1 0 0 1 1 0 0 1 0 1 0 1 
3
26965 0 10645 1 27045 2 

27030
27030 27030
0 0 0 0 0 0 0 0 1 0 
1 1 0 1 0 0 1 1 0 0 1 0 1 1 0 
3
27029 0 10646 1 27046 2 

27033
27033 27033
0 0 0 0 0 0 0 0 1 0 
1 1 0 1 0 0 1 1 0 0 1 1 0 0 1 
3
26969 0 10649 1 27049 2 

27034
27034 27034
0 0 0 0 0 0 0 0 1 0 
1 1 0 1 0 0 1 1 0 0 1 1 0 1 0 
3
27033 0 10650 1 27050 2 

27045
27045 26005
0 0 0 0 0 0 0 0 1 0 
1 1 0 1 0 0 1 1 0 1 0 0 1 0 1 
3
26981 0 10661 1 27049 2 

27046
27046 26006
0 0 0 0 0 0 0 0 1 0 
1 1 0 1 0 0 1 1 0 1 0 0 1 1 0 
3
27045 0 10662 1 27050 2 

27049
27049 26005
0 0 0 0 0 0 0 0 1 0 
1 1 0 1 0 0 1 1 0 1 0 1 0 0 1 
3
26985 0 10665 1 27305 2 

27050
27050 26006
0 0 0 0 0 0 0 0 1 0 
1 1 0 1 0 0 1 1 0 1 0 1 0 1 0 
3
27049 0 10666 1 27306 2 

27168
27168 0
1 0 0 0 0 0 0 0 1 0 
1 1 0 1 0 1 0 0 0 1 0 0 0 0 0 
2
27176 0 10784 1 

27176
27176 0
1 0 0 0 0 0 0 0 1 0 
1 1 0 1 0 1 0 0 0 1 0 1 0 0 0 
2
27304 0 10792 1 

27221
27221 27221
0 0 0 0 0 0 0 0 1 0 
1 1 0 1 0 1 0 0 1 0 1 0 1 0 1 
3
26965 0 10837 1 27237 2 

27222
27222 27222
0 0 0 0 0 0 0 0 1 0 
1 1 0 1 0 1 0 0 1 0 1 0 1 1 0 
3
27221 0 10838 1 27238 2 

27225
27225 27225
0 0 0 0 0 0 0 0 1 0 
1 1 0 1 0 1 0 0 1 0 1 1 0 0 1 
3
27221 0 10841 1 27241 2 

27226
27226 27226
0 0 0 0 0 0 0 0 1 0 
1 1 0 1 0 1 0 0 1 0 1 1 0 1 0 
3
27225 0 10842 1 27242 2 

27232
27232 25942
0 0 0 0 0 0 0 0 1 0 
1 1 0 1 0 1 0 0 1 1 0 0 0 0 0 
3
26720 0 10848 1 27168 2 

27233
27233 25942
0 0 0 0 0 0 0 0 1 0 
1 1 0 1 0 1 0 0 1 1 0 0 0 0 1 
3
26721 0 10849 1 27232 2 

27237
27237 26197
0 0 0 0 0 0 0 0 1 0 
1 1 0 1 0 1 0 0 1 1 0 0 1 0 1 
3
26981 0 10853 1 27233 2 

27238
27238 26198
0 0 0 0 0 0 0 0 1 0 
1 1 0 1 0 1 0 0 1 1 0 0 1 1 0 
3
27237 0 10854 1 27242 2 

27240
27240 25942
0 0 0 0 0 0 0 0 1 0 
1 1 0 1 0 1 0 0 1 1 0 1 0 0 0 
3
27232 0 10856 1 27176 2 

27241
27241 25942
0 0 0 0 0 0 0 0 1 0 
1 1 0 1 0 1 0 0 1 1 0 1 0 0 1 
3
27233 0 10857 1 27240 2 

27242
27242 25942
0 0 0 0 0 0 0 0 1 0 
1 1 0 1 0 1 0 0 1 1 0 1 0 1 0 
3
27240 0 10858 1 27306 2 

27285
27285 27285
0 0 0 0 0 0 0 0 1 0 
1 1 0 1 0 1 0 1 0 0 1 0 1 0 1 
3
27221 0 10901 1 27301 2 

27286
27286 27286
0 0 0 0 0 0 0 0 1 0 
1 1 0 1 0 1 0 1 0 0 1 0 1 1 0 
3
27285 0 10902 1 27302 2 

27289
27289 27289
0 0 0 0 0 0 0 0 1 0 
1 1 0 1 0 1 0 1 0 0 1 1 0 0 1 
3
27225 0 10905 1 27305 2 

27290
27290 27290
0 0 0 0 0 0 0 0 1 0 
1 1 0 1 0 1 0 1 0 0 1 1 0 1 0 
3
27289 0 10906 1 27306 2 

27301
27301 26261
0 0 0 0 0 0 0 0 1 0 
1 1 0 1 0 1 0 1 0 1 0 0 1 0 1 
3
27237 0 10917 1 27305 2 

27302
27302 26262
0 0 0 0 0 0 0 0 1 0 
1 1 0 1 0 1 0 1 0 1 0 0 1 1 0 
3
27301 0 10918 1 27306 2 

27304
27176 0
0 0 0 0 0 0 0 0 1 0 
1 1 0 1 0 1 0 1 0 1 0 1 0 0 0 
2
27176 0 10920 1 

27305
27305 26005
0 0 0 0 0 0 0 0 1 0 
1 1 0 1 0 1 0 1 0 1 0 1 0 0 1 
3
27241 0 10921 1 27304 2 

27306
27306 25942
0 0 0 0 0 0 0 0 1 0 
1 1 0 1 0 1 0 1 0 1 0 1 0 1 0 
2
27304 0 10922 1 

28672
28672 0
1 1 1 1 1 1 1 1 1 1 
1 1 1 0 0 0 0 0 0 0 0 0 0 0 0 
2
30720 0 28736 2 

28736
28736 0
0 1 1 1 1 1 1 1 1 1 
1 1 1 0 0 0 0 0 1 0 0 0 0 0 0 
1
28737 2 

28737
24641 0
0 1 1 1 1 1 1 1 1 1 
1 1 1 0 0 0 0 0 1 0 0 0 0 0 1 
1
28993 2 

28993
24641 0
0 0 0 0 0 0 1 1 1 1 
1 1 1 0 0 0 1 0 1 0 0 0 0 0 1 
3
12609 1 28737 2 24897 3 

28997
28997 28997
0 0 0 0 0 0 0 0 1 1 
1 1 1 0 0 0 1 0 1 0 0 0 1 0 1 
3
12613 1 28993 2 24901 3 

30021
30021 30021
0 0 0 0 0 0 0 0 1 1 
1 1 1 0 1 0 1 0 1 0 0 0 1 0 1 
3
13637 1 28997 2 25925 3 

30037
30037 30037
0 0 0 0 0 0 0 0 1 1 
1 1 1 0 1 0 1 0 1 0 1 0 1 0 1 
3
13653 1 30021 2 25941 3 

30038
30038 30038
0 0 0 0 0 0 0 0 1 1 
1 1 1 0 1 0 1 0 1 0 1 0 1 1 0 
4
30037 0 13654 1 30054 2 25942 3 

30041
30041 30041
0 0 0 0 0 0 0 0 1 1 
1 1 1 0 1 0 1 0 1 0 1 1 0 0 1 
4
30037 0 13657 1 30057 2 25945 3 

30042
30042 30042
0 0 0 0 0 0 0 0 1 1 
1 1 1 0 1 0 1 0 1 0 1 1 0 1 0 
4
30041 0 13658 1 30058 2 25946 3 

30053
30053 30038
0 0 0 0 0 0 0 0 1 1 
1 1 1 0 1 0 1 0 1 1 0 0 1 0 1 
4
30021 0 13669 1 31077 2 25957 3 

30054
30054 30038
0 0 0 0 0 0 0 0 1 1 
1 1 1 0 1 0 1 0 1 1 0 0 1 1 0 
4
30053 0 13670 1 31078 2 25958 3 

30057
30057 30041
0 0 0 0 0 0 0 0 1 1 
1 1 1 0 1 0 1 0 1 1 0 1 0 0 1 
4
30053 0 13673 1 31081 2 25961 3 

30058
30058 30042
0 0 0 0 0 0 0 0 1 1 
1 1 1 0 1 0 1 0 1 1 0 1 0 1 0 
4
30057 0 13674 1 31082 2 25962 3 

30101
30101 30101
0 0 0 0 0 0 0 0 1 1 
1 1 1 0 1 0 1 1 0 0 1 0 1 0 1 
4
30037 0 13717 1 30117 2 26005 3 

30102
30102 30102
0 0 0 0 0 0 0 0 1 1 
1 1 1 0 1 0 1 1 0 0 1 0 1 1 0 
4
30101 0 13718 1 30118 2 26006 3 

30105
30105 30105
0 0 0 0 0 0 0 0 1 1 
1 1 1 0 1 0 1 1 0 0 1 1 0 0 1 
4
30041 0 13721 1 30121 2 26009 3 

30106
30106 30106
0 0 0 0 0 0 0 0 1 1 
1 1 1 0 1 0 1 1 0 0 1 1 0 1 0 
4
30105 0 13722 1 30122 2 26010 3 

30117
30117 30101
0 0 0 0 0 0 0 0 1 1 
1 1 1 0 1 0 1 1 0 1 0 0 1 0 1 
4
30053 0 13733 1 31141 2 26021 3 

30118
30118 30102
0 0 0 0 0 0 0 0 1 1 
1 1 1 0 1 0 1 1 0 1 0 0 1 1 0 
4
30117 0 13734 1 31142 2 26022 3 

30121
30121 30105
0 0 0 0 0 0 0 0 1 1 
1 1 1 0 1 0 1 1 0 1 0 1 0 0 1 
4
30057 0 13737 1 31145 2 26025 3 

30122
30122 30106
0 0 0 0 0 0 0 0 1 1 
1 1 1 0 1 0 1 1 0 1 0 1 0 1 0 
4
30121 0 13738 1 31146 2 26026 3 

30293
30293 30293
0 0 0 0 0 0 0 0 1 1 
1 1 1 0 1 1 0 0 1 0 1 0 1 0 1 
4
30037 0 13909 1 30309 2 26197 3 

30294
30294 30294
0 0 0 0 0 0 0 0 1 1 
1 1 1 0 1 1 0 0 1 0 1 0 1 1 0 
4
30293 0 13910 1 30310 2 26198 3 

30297
30297 30297
0 0 0 0 0 0 0 0 1 1 
1 1 1 0 1 1 0 0 1 0 1 1 0 0 1 
4
30293 0 13913 1 30313 2 26201 3 

30298
30298 30298
0 0 0 0 0 0 0 0 1 1 
1 1 1 0 1 1 0 0 1 0 1 1 0 1 0 
4
30297 0 13914 1 30314 2 26202 3 

30309
30309 30293
0 0 0 0 0 0 0 0 1 1 
1 1 1 0 1 1 0 0 1 1 0 0 1 0 1 
4
30053 0 13925 1 31333 2 26213 3 

30310
30310 30294
0 0 0 0 0 0 0 0 1 1 
1 1 1 0 1 1 0 0 1 1 0 0 1 1 0 
4
30309 0 13926 1 31334 2 26214 3 

30313
30313 30297
0 0 0 0 0 0 0 0 1 1 
1 1 1 0 1 1 0 0 1 1 0 1 0 0 1 
4
30309 0 13929 1 31337 2 26217 3 

30314
30314 30298
0 0 0 0 0 0 0 0 1 1 
1 1 1 0 1 1 0 0 1 1 0 1 0 1 0 
4
30313 0 13930 1 31338 2 26218 3 

30357
30357 30357
0 0 0 0 0 0 0 0 1 1 
1 1 1 0 1 1 0 1 0 0 1 0 1 0 1 
4
30293 0 13973 1 30373 2 26261 3 

30358
30358 30358
0 0 0 0 0 0 0 0 1 1 
1 1 1 0 1 1 0 1 0 0 1 0 1 1 0 
4
30357 0 13974 1 30374 2 26262 3 

30361
30361 30361
0 0 0 0 0 0 0 0 1 1 
1 1 1 0 1 1 0 1 0 0 1 1 0 0 1 
4
30297 0 13977 1 30377 2 26265 3 

30362
30362 30362
0 0 0 0 0 0 0 0 1 1 
1 1 1 0 1 1 0 1 0 0 1 1 0 1 0 
4
30361 0 13978 1 30378 2 26266 3 

30373
30373 30357
0 0 0 0 0 0 0 0 1 1 
1 1 1 0 1 1 0 1 0 1 0 0 1 0 1 
4
30309 0 13989 1 31397 2 26277 3 

30374
30374 30358
0 0 0 0 0 0 0 0 1 1 
1 1 1 0 1 1 0 1 0 1 0 0 1 1 0 
4
30373 0 13990 1 31398 2 26278 3 

30377
30377 30361
0 0 0 0 0 0 0 0 1 1 
1 1 1 0 1 1 0 1 0 1 0 1 0 0 1 
4
30313 0 13993 1 31401 2 26281 3 

30378
30378 30362
0 0 0 0 0 0 0 0 1 1 
1 1 1 0 1 1 0 1 0 1 0 1 0 1 0 
4
30377 0 13994 1 31402 2 26282 3 

30720
30720 0
1 0 0 0 0 0 1 1 1 1 
1 1 1 1 0 0 0 0 0 0 0 0 0 0 0 
3
30752 0 14336 1 26624 3 

30752
30752 0
1 0 0 0 0 0 0 0 1 1 
1 1 1 1 0 0 0 0 0 1 0 0 0 0 0 
3
31264 0 14368 1 26656 3 

30784
30784 30038
0 0 0 0 0 0 1 1 1 1 
1 1 1 1 0 0 0 0 1 0 0 0 0 0 0 
4
28736 0 14400 1 30720 2 26688 3 

30785
30785 30038
0 0 0 0 0 0 1 1 1 1 
1 1 1 1 0 0 0 0 1 0 0 0 0 0 1 
4
28737 0 14401 1 30784 2 26689 3 

30816
30816 30038
0 0 0 0 0 0 0 0 1 1 
1 1 1 1 0 0 0 0 1 1 0 0 0 0 0 
4
30784 0 14432 1 30752 2 26720 3 

30817
30817 30038
0 0 0 0 0 0 0 0 1 1 
1 1 1 1 0 0 0 0 1 1 0 0 0 0 1 
4
30785 0 14433 1 30816 2 26721 3 

31041
31041 30038
0 0 0 0 0 0 1 1 1 1 
1 1 1 1 0 0 1 0 1 0 0 0 0 0 1 
4
28993 0 14657 1 30785 2 26945 3 

31045
31045 30038
0 0 0 0 0 0 0 0 1 1 
1 1 1 1 0 0 1 0 1 0 0 0 1 0 1 
4
28997 0 14661 1 31041 2 26949 3 

31061
31061 31061
0 0 0 0 0 0 0 0 1 1 
1 1 1 1 0 0 1 0 1 0 1 0 1 0 1 
4
30037 0 14677 1 31045 2 26965 3 

31062
31062 31062
0 0 0 0 0 0 0 0 1 1 
1 1 1 1 0 0 1 0 1 0 1 0 1 1 0 
4
31061 0 14678 1 31078 2 26966 3 

31065
31065 31065
0 0 0 0 0 0 0 0 1 1 
1 1 1 1 0 0 1 0 1 0 1 1 0 0 1 
4
31061 0 14681 1 31081 2 26969 3 

31066
31066 31066
0 0 0 0 0 0 0 0 1 1 
1 1 1 1 0 0 1 0 1 0 1 1 0 1 0 
4
31065 0 14682 1 31082 2 26970 3 

31073
31073 30038
0 0 0 0 0 0 0 0 1 1 
1 1 1 1 0 0 1 0 1 1 0 0 0 0 1 
4
31041 0 14689 1 30817 2 26977 3 

31077
31077 30038
0 0 0 0 0 0 0 0 1 1 
1 1 1 1 0 0 1 0 1 1 0 0 1 0 1 
4
31045 0 14693 1 31073 2 26981 3 

31078
31078 30038
0 0 0 0 0 0 0 0 1 1 
1 1 1 1 0 0 1 0 1 1 0 0 1 1 0 
4
31077 0 14694 1 31082 2 26982 3 

31081
31081 30038
0 0 0 0 0 0 0 0 1 1 
1 1 1 1 0 0 1 0 1 1 0 1 0 0 1 
4
31073 0 14697 1 31337 2 26985 3 

31082
31082 30038
0 0 0 0 0 0 0 0 1 1 
1 1 1 1 0 0 1 0 1 1 0 1 0 1 0 
4
31081 0 14698 1 31338 2 26986 3 

31125
31125 31125
0 0 0 0 0 0 0 0 1 1 
1 1 1 1 0 0 1 1 0 0 1 0 1 0 1 
4
31061 0 14741 1 31141 2 27029 3 

31126
31126 31126
0 0 0 0 0 0 0 0 1 1 
1 1 1 1 0 0 1 1 0 0 1 0 1 1 0 
4
31125 0 14742 1 31142 2 27030 3 

31129
31129 31129
0 0 0 0 0 0 0 0 1 1 
1 1 1 1 0 0 1 1 0 0 1 1 0 0 1 
4
31065 0 14745 1 31145 2 27033 3 

31130
31130 31130
0 0 0 0 0 0 0 0 1 1 
1 1 1 1 0 0 1 1 0 0 1 1 0 1 0 
4
31129 0 14746 1 31146 2 27034 3 

31141
31141 30101
0 0 0 0 0 0 0 0 1 1 
1 1 1 1 0 0 1 1 0 1 0 0 1 0 1 
4
31077 0 14757 1 31145 2 27045 3 

31142
31142 30102
0 0 0 0 0 0 0 0 1 1 
1 1 1 1 0 0 1 1 0 1 0 0 1 1 0 
4
31141 0 14758 1 31146 2 27046 3 

31145
31145 30101
0 0 0 0 0 0 0 0 1 1 
1 1 1 1 0 0 1 1 0 1 0 1 0 0 1 
4
31081 0 14761 1 31401 2 27049 3 

31146
31146 30102
0 0 0 0 0 0 0 0 1 1 
1 1 1 1 0 0 1 1 0 1 0 1 0 1 0 
4
31145 0 14762 1 31402 2 27050 3 

31264
31264 0
1 0 0 0 0 0 0 0 1 1 
1 1 1 1 0 1 0 0 0 1 0 0 0 0 0 
3
31272 0 14880 1 27168 3 

31272
31272 0
1 0 0 0 0 0 0 0 1 1 
1 1 1 1 0 1 0 0 0 1 0 1 0 0 0 
3
31400 0 14888 1 27176 3 

31317
31317 31317
0 0 0 0 0 0 0 0 1 1 
1 1 1 1 0 1 0 0 1 0 1 0 1 0 1 
4
31061 0 14933 1 31333 2 27221 3 

31318
31318 31318
0 0 0 0 0 0 0 0 1 1 
1 1 1 1 0 1 0 0 1 0 1 0 1 1 0 
4
31317 0 14934 1 31334 2 27222 3 

31321
31321 31321
0 0 0 0 0 0 0 0 1 1 
1 1 1 1 0 1 0 0 1 0 1 1 0 0 1 
4
31317 0 14937 1 31337 2 27225 3 

31322
31322 31322
0 0 0 0 0 0 0 0 1 1 
1 1 1 1 0 1 0 0 1 0 1 1 0 1 0 
4
31321 0 14938 1 31338 2 27226 3 

31328
31328 30038
0 0 0 0 0 0 0 0 1 1 
1 1 1 1 0 1 0 0 1 1 0 0 0 0 0 
4
30816 0 14944 1 31264 2 27232 3 

31329
31329 30038
0 0 0 0 0 0 0 0 1 1 
1 1 1 1 0 1 0 0 1 1 0 0 0 0 1 
4
30817 0 14945 1 31328 2 27233 3 

31333
31333 30293
0 0 0 0 0 0 0 0 1 1 
1 1 1 1 0 1 0 0 1 1 0 0 1 0 1 
4
31077 0 14949 1 31329 2 27237 3 

31334
31334 30294
0 0 0 0 0 0 0 0 1 1 
1 1 1 1 0 1 0 0 1 1 0 0 1 1 0 
4
31333 0 14950 1 31338 2 27238 3 

31336
31336 30038
0 0 0 0 0 0 0 0 1 1 
1 1 1 1 0 1 0 0 1 1 0 1 0 0 0 
4
31328 0 14952 1 31272 2 27240 3 

31337
31337 30038
0 0 0 0 0 0 0 0 1 1 
1 1 1 1 0 1 0 0 1 1 0 1 0 0 1 
4
31329 0 14953 1 31336 2 27241 3 

31338
31338 30038
0 0 0 0 0 0 0 0 1 1 
1 1 1 1 0 1 0 0 1 1 0 1 0 1 0 
4
31336 0 14954 1 31402 2 27242 3 

31381
31381 31381
0 0 0 0 0 0 0 0 1 1 
1 1 1 1 0 1 0 1 0 0 1 0 1 0 1 
4
31317 0 14997 1 31397 2 27285 3 

31382
31382 31382
0 0 0 0 0 0 0 0 1 1 
1 1 1 1 0 1 0 1 0 0 1 0 1 1 0 
4
31381 0 14998 1 31398 2 27286 3 

31385
31385 31385
0 0 0 0 0 0 0 0 1 1 
1 1 1 1 0 1 0 1 0 0 1 1 0 0 1 
4
31321 0 15001 1 31401 2 27289 3 

31386
31386 31386
0 0 0 0 0 0 0 0 1 1 
1 1 1 1 0 1 0 1 0 0 1 1 0 1 0 
4
31385 0 15002 1 31402 2 27290 3 

31397
31397 30357
0 0 0 0 0 0 0 0 1 1 
1 1 1 1 0 1 0 1 0 1 0 0 1 0 1 
4
31333 0 15013 1 31401 2 27301 3 

31398
31398 30358
0 0 0 0 0 0 0 0 1 1 
1 1 1 1 0 1 0 1 0 1 0 0 1 1 0 
4
31397 0 15014 1 31402 2 27302 3 

31400
31272 0
0 0 0 0 0 0 0 0 1 1 
1 1 1 1 0 1 0 1 0 1 0 1 0 0 0 
3
31272 0 15016 1 27304 3 

31401
31401 30101
0 0 0 0 0 0 0 0 1 1 
1 1 1 1 0 1 0 1 0 1 0 1 0 0 1 
4
31337 0 15017 1 31400 2 27305 3 

31402
31402 30038
0 0 0 0 0 0 0 0 1 1 
1 1 1 1 0 1 0 1 0 1 0 1 0 1 0 
3
31400 0 15018 1 27306 3 

