48
3 3 9 9 5 5 7 7 11 11 13 13 1 1 0 0 -1 -1 -1 -1 -1 -1 -1 -1 14 14 12 12 8 8 6 6 10 10 4 4 2 2 -1 -1 -1 -1 -1 -1 -1 -1 -1 -1 

10
cI cII cro Q O P cIII xis int Struc 
3 6
bcII_1{cII} bcII_2{cII} bQ{Q} bOR1{cI,cro} bOR2{cI,cro} bOR3{cI,cro} bOL1{cI,cro} bOL2{cI,cro} bOL3{cI,cro} 
1 1 3 0 2 0 2 0 2 0 2 0 2 0 2 

7 4 4 4 4 4 4 4 1 1 

7 8 3 4 5 6 0 
3 4 5 6 
3 4 5 6 
3 4 5 6 
3 4 5 6 
3 4 5 6 
9 10 11 12 
9 10 11 12 
1 
2 

0 1 1 1 1 1 1 1 1 1 1 1 1 1 1 1 1 1 1 1 1 1 1 1 1 1 1 1 1 1 1 1 0 0 0 0 0 0 0 0 0 0 0 0 0 0 0 0 0 0 0 0 0 0 0 0 0 0 0 0 0 0 0 0 0 0 0 0 0 0 0 0 0 0 0 0 0 0 0 0 0 0 0 0 0 0 0 0 0 0 0 0 0 0 0 0 0 0 0 0 0 0 0 0 0 0 0 0 0 0 0 0 0 0 0 0 0 0 0 0 0 0 0 0 0 0 0 0 
1 0 0 0 0 0 0 0 0 0 0 0 0 0 0 0 
1 0 0 0 0 0 0 0 0 0 0 0 0 0 0 0 
1 0 0 0 0 0 0 0 0 0 0 0 0 0 0 0 
1 0 0 0 0 0 0 0 0 0 0 0 0 0 0 0 
1 0 0 0 0 0 0 0 0 0 0 0 0 0 0 0 
1 0 0 0 0 0 0 0 0 0 0 0 0 0 0 0 
1 0 0 0 0 0 0 0 0 0 0 0 0 0 0 0 
0 1 
0 1 


102 510 32768
19
2592 2 1 2593 2 0 2597 2 0 6688 2 0 6693 2 0 6817 2 0 10912 2 0 10913 2 0 10917 2 0 14881 2 0 15008 2 0 15013 2 0 24645 12 1 27168 2 0 27169 2 0 27173 2 0 31264 2 0 31269 2 0 31393 2 0 
2592 2720 
2593 2721 
2597 2725 
6688 6816 
6693 6821 
6689 6817 
10784 10912 
10785 10913 
10789 10917 
14881 15009 
14880 15008 
14885 15013 
69 325 4165 4421 8261 8517 12357 12613 24645 24901 28741 28997 
27168 27296 
27169 27297 
27173 27301 
31264 31392 
31269 31397 
31265 31393 

0
0 0
0 1 1 1 1 1 1 1 0 0 
0 0 0 0 0 0 0 0 0 0 0 0 0 0 0 
3
8192 1 1 2 4096 3 

1
1 0
0 1 1 1 1 1 1 1 0 0 
0 0 0 0 0 0 0 0 0 0 0 0 0 0 1 
3
8193 1 5 2 4097 3 

5
5 0
0 1 1 1 1 1 0 0 0 0 
0 0 0 0 0 0 0 0 0 0 0 0 1 0 1 
3
8197 1 69 2 4101 3 

69
24645 0
0 1 1 1 1 1 0 0 0 0 
0 0 0 0 0 0 0 0 1 0 0 0 1 0 1 
3
8261 1 325 2 4165 3 

325
24645 0
0 0 0 0 0 0 0 0 0 0 
0 0 0 0 0 0 1 0 1 0 0 0 1 0 1 
1
69 2 

341
341 341
0 0 0 0 0 0 0 0 0 0 
0 0 0 0 0 0 1 0 1 0 1 0 1 0 1 
1
325 2 

1365
1365 1365
0 0 0 0 0 0 0 0 0 0 
0 0 0 0 1 0 1 0 1 0 1 0 1 0 1 
1
341 2 

1366
1366 1366
0 0 0 0 0 0 0 0 0 0 
0 0 0 0 1 0 1 0 1 0 1 0 1 1 0 
2
1365 0 2390 2 

1369
1369 1369
0 0 0 0 0 0 0 0 0 0 
0 0 0 0 1 0 1 0 1 0 1 1 0 0 1 
2
1365 0 2393 2 

1370
1370 1370
0 0 0 0 0 0 0 0 0 0 
0 0 0 0 1 0 1 0 1 0 1 1 0 1 0 
2
1369 0 2394 2 

1381
1381 1381
0 0 0 0 0 0 0 0 0 0 
0 0 0 0 1 0 1 0 1 1 0 0 1 0 1 
2
1365 0 2405 2 

1382
1382 1382
0 0 0 0 0 0 0 0 0 0 
0 0 0 0 1 0 1 0 1 1 0 0 1 1 0 
2
1381 0 2406 2 

1385
1385 1385
0 0 0 0 0 0 0 0 0 0 
0 0 0 0 1 0 1 0 1 1 0 1 0 0 1 
2
1381 0 2409 2 

1386
1386 1386
0 0 0 0 0 0 0 0 0 0 
0 0 0 0 1 0 1 0 1 1 0 1 0 1 0 
2
1385 0 2410 2 

1429
1429 1429
0 0 0 0 0 0 0 0 0 0 
0 0 0 0 1 0 1 1 0 0 1 0 1 0 1 
2
1365 0 2453 2 

1430
1430 1430
0 0 0 0 0 0 0 0 0 0 
0 0 0 0 1 0 1 1 0 0 1 0 1 1 0 
2
1429 0 2454 2 

1433
1433 1433
0 0 0 0 0 0 0 0 0 0 
0 0 0 0 1 0 1 1 0 0 1 1 0 0 1 
2
1429 0 2457 2 

1434
1434 1434
0 0 0 0 0 0 0 0 0 0 
0 0 0 0 1 0 1 1 0 0 1 1 0 1 0 
2
1433 0 2458 2 

1445
1445 1445
0 0 0 0 0 0 0 0 0 0 
0 0 0 0 1 0 1 1 0 1 0 0 1 0 1 
2
1381 0 2469 2 

1446
1446 1446
0 0 0 0 0 0 0 0 0 0 
0 0 0 0 1 0 1 1 0 1 0 0 1 1 0 
2
1445 0 2470 2 

1449
1449 1449
0 0 0 0 0 0 0 0 0 0 
0 0 0 0 1 0 1 1 0 1 0 1 0 0 1 
2
1445 0 2473 2 

1450
1450 1450
0 0 0 0 0 0 0 0 0 0 
0 0 0 0 1 0 1 1 0 1 0 1 0 1 0 
2
1449 0 2474 2 

1621
1621 1621
0 0 0 0 0 0 0 0 0 0 
0 0 0 0 1 1 0 0 1 0 1 0 1 0 1 
2
1365 0 2645 2 

1622
1622 1622
0 0 0 0 0 0 0 0 0 0 
0 0 0 0 1 1 0 0 1 0 1 0 1 1 0 
2
1621 0 2646 2 

1625
1625 1625
0 0 0 0 0 0 0 0 0 0 
0 0 0 0 1 1 0 0 1 0 1 1 0 0 1 
2
1621 0 2649 2 

1626
1626 1626
0 0 0 0 0 0 0 0 0 0 
0 0 0 0 1 1 0 0 1 0 1 1 0 1 0 
2
1625 0 2650 2 

1637
1637 1637
0 0 0 0 0 0 0 0 0 0 
0 0 0 0 1 1 0 0 1 1 0 0 1 0 1 
2
1381 0 2661 2 

1638
1638 1638
0 0 0 0 0 0 0 0 0 0 
0 0 0 0 1 1 0 0 1 1 0 0 1 1 0 
2
1637 0 2662 2 

1641
1641 1641
0 0 0 0 0 0 0 0 0 0 
0 0 0 0 1 1 0 0 1 1 0 1 0 0 1 
2
1637 0 2665 2 

1642
1642 1642
0 0 0 0 0 0 0 0 0 0 
0 0 0 0 1 1 0 0 1 1 0 1 0 1 0 
2
1641 0 2666 2 

1685
1685 1685
0 0 0 0 0 0 0 0 0 0 
0 0 0 0 1 1 0 1 0 0 1 0 1 0 1 
2
1621 0 2709 2 

1686
1686 1686
0 0 0 0 0 0 0 0 0 0 
0 0 0 0 1 1 0 1 0 0 1 0 1 1 0 
2
1685 0 2710 2 

1689
1689 1689
0 0 0 0 0 0 0 0 0 0 
0 0 0 0 1 1 0 1 0 0 1 1 0 0 1 
2
1685 0 2713 2 

1690
1690 1690
0 0 0 0 0 0 0 0 0 0 
0 0 0 0 1 1 0 1 0 0 1 1 0 1 0 
2
1689 0 2714 2 

1701
1701 1701
0 0 0 0 0 0 0 0 0 0 
0 0 0 0 1 1 0 1 0 1 0 0 1 0 1 
2
1637 0 2725 2 

1702
1702 1702
0 0 0 0 0 0 0 0 0 0 
0 0 0 0 1 1 0 1 0 1 0 0 1 1 0 
2
1701 0 2726 2 

1705
1705 1705
0 0 0 0 0 0 0 0 0 0 
0 0 0 0 1 1 0 1 0 1 0 1 0 0 1 
2
1701 0 2729 2 

1706
1706 1706
0 0 0 0 0 0 0 0 0 0 
0 0 0 0 1 1 0 1 0 1 0 1 0 1 0 
2
1705 0 2730 2 

2048
2048 0
1 0 0 0 0 0 1 1 0 0 
0 0 0 1 0 0 0 0 0 0 0 0 0 0 0 
1
2080 0 

2049
2049 0
1 0 0 0 0 0 1 1 0 0 
0 0 0 1 0 0 0 0 0 0 0 0 0 0 1 
2
2081 0 2048 2 

2053
2053 0
1 0 0 0 0 0 0 0 0 0 
0 0 0 1 0 0 0 0 0 0 0 0 1 0 1 
2
2085 0 2049 2 

2080
2080 0
1 0 0 0 0 0 0 0 0 0 
0 0 0 1 0 0 0 0 0 1 0 0 0 0 0 
1
2592 0 

2081
2081 0
1 0 0 0 0 0 0 0 0 0 
0 0 0 1 0 0 0 0 0 1 0 0 0 0 1 
2
2593 0 2080 2 

2085
2085 0
1 0 0 0 0 0 0 0 0 0 
0 0 0 1 0 0 0 0 0 1 0 0 1 0 1 
2
2597 0 2081 2 

2117
2117 1366
0 0 0 0 0 0 0 0 0 0 
0 0 0 1 0 0 0 0 1 0 0 0 1 0 1 
2
69 0 2053 2 

2149
2149 1366
0 0 0 0 0 0 0 0 0 0 
0 0 0 1 0 0 0 0 1 1 0 0 1 0 1 
2
2117 0 2085 2 

2373
2373 1366
0 0 0 0 0 0 0 0 0 0 
0 0 0 1 0 0 1 0 1 0 0 0 1 0 1 
2
325 0 2117 2 

2389
2389 1366
0 0 0 0 0 0 0 0 0 0 
0 0 0 1 0 0 1 0 1 0 1 0 1 0 1 
2
341 0 2373 2 

2390
2390 1366
0 0 0 0 0 0 0 0 0 0 
0 0 0 1 0 0 1 0 1 0 1 0 1 1 0 
2
2389 0 2406 2 

2393
2393 1369
0 0 0 0 0 0 0 0 0 0 
0 0 0 1 0 0 1 0 1 0 1 1 0 0 1 
2
2389 0 2409 2 

2394
2394 1370
0 0 0 0 0 0 0 0 0 0 
0 0 0 1 0 0 1 0 1 0 1 1 0 1 0 
2
2393 0 2410 2 

2405
2405 1366
0 0 0 0 0 0 0 0 0 0 
0 0 0 1 0 0 1 0 1 1 0 0 1 0 1 
2
2373 0 2149 2 

2406
2406 1366
0 0 0 0 0 0 0 0 0 0 
0 0 0 1 0 0 1 0 1 1 0 0 1 1 0 
2
2405 0 2662 2 

2409
2409 1369
0 0 0 0 0 0 0 0 0 0 
0 0 0 1 0 0 1 0 1 1 0 1 0 0 1 
2
2405 0 2665 2 

2410
2410 1370
0 0 0 0 0 0 0 0 0 0 
0 0 0 1 0 0 1 0 1 1 0 1 0 1 0 
2
2409 0 2666 2 

2453
2453 1429
0 0 0 0 0 0 0 0 0 0 
0 0 0 1 0 0 1 1 0 0 1 0 1 0 1 
2
2389 0 2469 2 

2454
2454 1430
0 0 0 0 0 0 0 0 0 0 
0 0 0 1 0 0 1 1 0 0 1 0 1 1 0 
2
2453 0 2470 2 

2457
2457 1433
0 0 0 0 0 0 0 0 0 0 
0 0 0 1 0 0 1 1 0 0 1 1 0 0 1 
2
2453 0 2473 2 

2458
2458 1434
0 0 0 0 0 0 0 0 0 0 
0 0 0 1 0 0 1 1 0 0 1 1 0 1 0 
2
2457 0 2474 2 

2469
2469 1429
0 0 0 0 0 0 0 0 0 0 
0 0 0 1 0 0 1 1 0 1 0 0 1 0 1 
2
2405 0 2725 2 

2470
2470 1430
0 0 0 0 0 0 0 0 0 0 
0 0 0 1 0 0 1 1 0 1 0 0 1 1 0 
2
2469 0 2726 2 

2473
2473 1433
0 0 0 0 0 0 0 0 0 0 
0 0 0 1 0 0 1 1 0 1 0 1 0 0 1 
2
2469 0 2729 2 

2474
2474 1434
0 0 0 0 0 0 0 0 0 0 
0 0 0 1 0 0 1 1 0 1 0 1 0 1 0 
2
2473 0 2730 2 

2592
2592 0
1 0 0 0 0 0 0 0 0 0 
0 0 0 1 0 1 0 0 0 1 0 0 0 0 0 
1
2720 0 

2593
2593 0
1 0 0 0 0 0 0 0 0 0 
0 0 0 1 0 1 0 0 0 1 0 0 0 0 1 
2
2721 0 2592 2 

2597
2597 0
1 0 0 0 0 0 0 0 0 0 
0 0 0 1 0 1 0 0 0 1 0 0 1 0 1 
2
2725 0 2593 2 

2645
2645 1621
0 0 0 0 0 0 0 0 0 0 
0 0 0 1 0 1 0 0 1 0 1 0 1 0 1 
2
2389 0 2661 2 

2646
2646 1622
0 0 0 0 0 0 0 0 0 0 
0 0 0 1 0 1 0 0 1 0 1 0 1 1 0 
2
2645 0 2662 2 

2649
2649 1625
0 0 0 0 0 0 0 0 0 0 
0 0 0 1 0 1 0 0 1 0 1 1 0 0 1 
2
2645 0 2665 2 

2650
2650 1626
0 0 0 0 0 0 0 0 0 0 
0 0 0 1 0 1 0 0 1 0 1 1 0 1 0 
2
2649 0 2666 2 

2661
2661 1366
0 0 0 0 0 0 0 0 0 0 
0 0 0 1 0 1 0 0 1 1 0 0 1 0 1 
2
2149 0 2597 2 

2662
2662 1366
0 0 0 0 0 0 0 0 0 0 
0 0 0 1 0 1 0 0 1 1 0 0 1 1 0 
2
2661 0 2726 2 

2665
2665 1369
0 0 0 0 0 0 0 0 0 0 
0 0 0 1 0 1 0 0 1 1 0 1 0 0 1 
2
2661 0 2729 2 

2666
2666 1370
0 0 0 0 0 0 0 0 0 0 
0 0 0 1 0 1 0 0 1 1 0 1 0 1 0 
2
2665 0 2730 2 

2709
2709 1685
0 0 0 0 0 0 0 0 0 0 
0 0 0 1 0 1 0 1 0 0 1 0 1 0 1 
2
2645 0 2725 2 

2710
2710 1686
0 0 0 0 0 0 0 0 0 0 
0 0 0 1 0 1 0 1 0 0 1 0 1 1 0 
2
2709 0 2726 2 

2713
2713 1689
0 0 0 0 0 0 0 0 0 0 
0 0 0 1 0 1 0 1 0 0 1 1 0 0 1 
2
2709 0 2729 2 

2714
2714 1690
0 0 0 0 0 0 0 0 0 0 
0 0 0 1 0 1 0 1 0 0 1 1 0 1 0 
2
2713 0 2730 2 

2720
2592 0
0 0 0 0 0 0 0 0 0 0 
0 0 0 1 0 1 0 1 0 1 0 0 0 0 0 
1
2592 0 

2721
2593 0
0 0 0 0 0 0 0 0 0 0 
0 0 0 1 0 1 0 1 0 1 0 0 0 0 1 
2
2593 0 2720 2 

2725
2597 0
0 0 0 0 0 0 0 0 0 0 
0 0 0 1 0 1 0 1 0 1 0 0 1 0 1 
2
2597 0 2721 2 

2726
2726 1366
0 0 0 0 0 0 0 0 0 0 
0 0 0 1 0 1 0 1 0 1 0 0 1 1 0 
2
2725 0 2730 2 

2728
2728 1366
0 0 0 0 0 0 0 0 0 0 
0 0 0 1 0 1 0 1 0 1 0 1 0 0 0 
1
2720 0 

2729
2729 1369
0 0 0 0 0 0 0 0 0 0 
0 0 0 1 0 1 0 1 0 1 0 1 0 0 1 
2
2721 0 2728 2 

2730
2730 1366
0 0 0 0 0 0 0 0 0 0 
0 0 0 1 0 1 0 1 0 1 0 1 0 1 0 
1
2728 0 

4096
4096 0
0 1 1 1 1 1 1 1 0 1 
0 0 1 0 0 0 0 0 0 0 0 0 0 0 0 
2
12288 1 4097 2 

4097
4097 0
0 1 1 1 1 1 1 1 0 1 
0 0 1 0 0 0 0 0 0 0 0 0 0 0 1 
2
12289 1 4101 2 

4101
4101 0
0 1 1 1 1 1 0 0 0 1 
0 0 1 0 0 0 0 0 0 0 0 0 1 0 1 
2
12293 1 4165 2 

4165
24645 0
0 1 1 1 1 1 0 0 0 1 
0 0 1 0 0 0 0 0 1 0 0 0 1 0 1 
2
12357 1 4421 2 

4421
24645 0
0 0 0 0 0 0 0 0 0 1 
0 0 1 0 0 0 1 0 1 0 0 0 1 0 1 
2
4165 2 325 3 

4437
4437 4437
0 0 0 0 0 0 0 0 0 1 
0 0 1 0 0 0 1 0 1 0 1 0 1 0 1 
2
4421 2 341 3 

5461
5461 5461
0 0 0 0 0 0 0 0 0 1 
0 0 1 0 1 0 1 0 1 0 1 0 1 0 1 
2
4437 2 1365 3 

5462
5462 5462
0 0 0 0 0 0 0 0 0 1 
0 0 1 0 1 0 1 0 1 0 1 0 1 1 0 
3
5461 0 6486 2 1366 3 

5465
5465 5465
0 0 0 0 0 0 0 0 0 1 
0 0 1 0 1 0 1 0 1 0 1 1 0 0 1 
3
5461 0 6489 2 1369 3 

5466
5466 5466
0 0 0 0 0 0 0 0 0 1 
0 0 1 0 1 0 1 0 1 0 1 1 0 1 0 
3
5465 0 6490 2 1370 3 

5477
5477 5477
0 0 0 0 0 0 0 0 0 1 
0 0 1 0 1 0 1 0 1 1 0 0 1 0 1 
3
5461 0 6501 2 1381 3 

5478
5478 5478
0 0 0 0 0 0 0 0 0 1 
0 0 1 0 1 0 1 0 1 1 0 0 1 1 0 
3
5477 0 6502 2 1382 3 

5481
5481 5481
0 0 0 0 0 0 0 0 0 1 
0 0 1 0 1 0 1 0 1 1 0 1 0 0 1 
3
5477 0 6505 2 1385 3 

5482
5482 5482
0 0 0 0 0 0 0 0 0 1 
0 0 1 0 1 0 1 0 1 1 0 1 0 1 0 
3
5481 0 6506 2 1386 3 

5525
5525 5525
0 0 0 0 0 0 0 0 0 1 
0 0 1 0 1 0 1 1 0 0 1 0 1 0 1 
3
5461 0 6549 2 1429 3 

5526
5526 5526
0 0 0 0 0 0 0 0 0 1 
0 0 1 0 1 0 1 1 0 0 1 0 1 1 0 
3
5525 0 6550 2 1430 3 

5529
5529 5529
0 0 0 0 0 0 0 0 0 1 
0 0 1 0 1 0 1 1 0 0 1 1 0 0 1 
3
5525 0 6553 2 1433 3 

5530
5530 5530
0 0 0 0 0 0 0 0 0 1 
0 0 1 0 1 0 1 1 0 0 1 1 0 1 0 
3
5529 0 6554 2 1434 3 

5541
5541 5541
0 0 0 0 0 0 0 0 0 1 
0 0 1 0 1 0 1 1 0 1 0 0 1 0 1 
3
5477 0 6565 2 1445 3 

5542
5542 5542
0 0 0 0 0 0 0 0 0 1 
0 0 1 0 1 0 1 1 0 1 0 0 1 1 0 
3
5541 0 6566 2 1446 3 

5545
5545 5545
0 0 0 0 0 0 0 0 0 1 
0 0 1 0 1 0 1 1 0 1 0 1 0 0 1 
3
5541 0 6569 2 1449 3 

5546
5546 5546
0 0 0 0 0 0 0 0 0 1 
0 0 1 0 1 0 1 1 0 1 0 1 0 1 0 
3
5545 0 6570 2 1450 3 

5717
5717 5717
0 0 0 0 0 0 0 0 0 1 
0 0 1 0 1 1 0 0 1 0 1 0 1 0 1 
3
5461 0 6741 2 1621 3 

5718
5718 5718
0 0 0 0 0 0 0 0 0 1 
0 0 1 0 1 1 0 0 1 0 1 0 1 1 0 
3
5717 0 6742 2 1622 3 

5721
5721 5721
0 0 0 0 0 0 0 0 0 1 
0 0 1 0 1 1 0 0 1 0 1 1 0 0 1 
3
5717 0 6745 2 1625 3 

5722
5722 5722
0 0 0 0 0 0 0 0 0 1 
0 0 1 0 1 1 0 0 1 0 1 1 0 1 0 
3
5721 0 6746 2 1626 3 

5733
5733 5733
0 0 0 0 0 0 0 0 0 1 
0 0 1 0 1 1 0 0 1 1 0 0 1 0 1 
3
5477 0 6757 2 1637 3 

5734
5734 5734
0 0 0 0 0 0 0 0 0 1 
0 0 1 0 1 1 0 0 1 1 0 0 1 1 0 
3
5733 0 6758 2 1638 3 

5737
5737 5737
0 0 0 0 0 0 0 0 0 1 
0 0 1 0 1 1 0 0 1 1 0 1 0 0 1 
3
5733 0 6761 2 1641 3 

5738
5738 5738
0 0 0 0 0 0 0 0 0 1 
0 0 1 0 1 1 0 0 1 1 0 1 0 1 0 
3
5737 0 6762 2 1642 3 

5781
5781 5781
0 0 0 0 0 0 0 0 0 1 
0 0 1 0 1 1 0 1 0 0 1 0 1 0 1 
3
5717 0 6805 2 1685 3 

5782
5782 5782
0 0 0 0 0 0 0 0 0 1 
0 0 1 0 1 1 0 1 0 0 1 0 1 1 0 
3
5781 0 6806 2 1686 3 

5785
5785 5785
0 0 0 0 0 0 0 0 0 1 
0 0 1 0 1 1 0 1 0 0 1 1 0 0 1 
3
5781 0 6809 2 1689 3 

5786
5786 5786
0 0 0 0 0 0 0 0 0 1 
0 0 1 0 1 1 0 1 0 0 1 1 0 1 0 
3
5785 0 6810 2 1690 3 

5797
5797 5797
0 0 0 0 0 0 0 0 0 1 
0 0 1 0 1 1 0 1 0 1 0 0 1 0 1 
3
5733 0 6821 2 1701 3 

5798
5798 5798
0 0 0 0 0 0 0 0 0 1 
0 0 1 0 1 1 0 1 0 1 0 0 1 1 0 
3
5797 0 6822 2 1702 3 

5801
5801 5801
0 0 0 0 0 0 0 0 0 1 
0 0 1 0 1 1 0 1 0 1 0 1 0 0 1 
3
5797 0 6825 2 1705 3 

5802
5802 5802
0 0 0 0 0 0 0 0 0 1 
0 0 1 0 1 1 0 1 0 1 0 1 0 1 0 
3
5801 0 6826 2 1706 3 

6144
6144 0
1 0 0 0 0 0 1 1 0 1 
0 0 1 1 0 0 0 0 0 0 0 0 0 0 0 
2
6176 0 2048 3 

6145
6145 0
1 0 0 0 0 0 1 1 0 1 
0 0 1 1 0 0 0 0 0 0 0 0 0 0 1 
3
6177 0 6144 2 2049 3 

6149
6149 0
1 0 0 0 0 0 0 0 0 1 
0 0 1 1 0 0 0 0 0 0 0 0 1 0 1 
3
6181 0 6145 2 2053 3 

6176
6176 0
1 0 0 0 0 0 0 0 0 1 
0 0 1 1 0 0 0 0 0 1 0 0 0 0 0 
2
6688 0 2080 3 

6177
6177 0
1 0 0 0 0 0 0 0 0 1 
0 0 1 1 0 0 0 0 0 1 0 0 0 0 1 
3
6689 0 6176 2 2081 3 

6181
6181 0
1 0 0 0 0 0 0 0 0 1 
0 0 1 1 0 0 0 0 0 1 0 0 1 0 1 
3
6693 0 6177 2 2085 3 

6213
6213 5462
0 0 0 0 0 0 0 0 0 1 
0 0 1 1 0 0 0 0 1 0 0 0 1 0 1 
3
4165 0 6149 2 2117 3 

6245
6245 5462
0 0 0 0 0 0 0 0 0 1 
0 0 1 1 0 0 0 0 1 1 0 0 1 0 1 
3
6213 0 6181 2 2149 3 

6469
6469 5462
0 0 0 0 0 0 0 0 0 1 
0 0 1 1 0 0 1 0 1 0 0 0 1 0 1 
3
4421 0 6213 2 2373 3 

6485
6485 5462
0 0 0 0 0 0 0 0 0 1 
0 0 1 1 0 0 1 0 1 0 1 0 1 0 1 
3
4437 0 6469 2 2389 3 

6486
6486 5462
0 0 0 0 0 0 0 0 0 1 
0 0 1 1 0 0 1 0 1 0 1 0 1 1 0 
3
6485 0 6502 2 2390 3 

6489
6489 5465
0 0 0 0 0 0 0 0 0 1 
0 0 1 1 0 0 1 0 1 0 1 1 0 0 1 
3
6485 0 6505 2 2393 3 

6490
6490 5466
0 0 0 0 0 0 0 0 0 1 
0 0 1 1 0 0 1 0 1 0 1 1 0 1 0 
3
6489 0 6506 2 2394 3 

6501
6501 5462
0 0 0 0 0 0 0 0 0 1 
0 0 1 1 0 0 1 0 1 1 0 0 1 0 1 
3
6469 0 6245 2 2405 3 

6502
6502 5462
0 0 0 0 0 0 0 0 0 1 
0 0 1 1 0 0 1 0 1 1 0 0 1 1 0 
3
6501 0 6758 2 2406 3 

6505
6505 5465
0 0 0 0 0 0 0 0 0 1 
0 0 1 1 0 0 1 0 1 1 0 1 0 0 1 
3
6501 0 6761 2 2409 3 

6506
6506 5466
0 0 0 0 0 0 0 0 0 1 
0 0 1 1 0 0 1 0 1 1 0 1 0 1 0 
3
6505 0 6762 2 2410 3 

6549
6549 5525
0 0 0 0 0 0 0 0 0 1 
0 0 1 1 0 0 1 1 0 0 1 0 1 0 1 
3
6485 0 6565 2 2453 3 

6550
6550 5526
0 0 0 0 0 0 0 0 0 1 
0 0 1 1 0 0 1 1 0 0 1 0 1 1 0 
3
6549 0 6566 2 2454 3 

6553
6553 5529
0 0 0 0 0 0 0 0 0 1 
0 0 1 1 0 0 1 1 0 0 1 1 0 0 1 
3
6549 0 6569 2 2457 3 

6554
6554 5530
0 0 0 0 0 0 0 0 0 1 
0 0 1 1 0 0 1 1 0 0 1 1 0 1 0 
3
6553 0 6570 2 2458 3 

6565
6565 5525
0 0 0 0 0 0 0 0 0 1 
0 0 1 1 0 0 1 1 0 1 0 0 1 0 1 
3
6501 0 6821 2 2469 3 

6566
6566 5526
0 0 0 0 0 0 0 0 0 1 
0 0 1 1 0 0 1 1 0 1 0 0 1 1 0 
3
6565 0 6822 2 2470 3 

6569
6569 5529
0 0 0 0 0 0 0 0 0 1 
0 0 1 1 0 0 1 1 0 1 0 1 0 0 1 
3
6565 0 6825 2 2473 3 

6570
6570 5530
0 0 0 0 0 0 0 0 0 1 
0 0 1 1 0 0 1 1 0 1 0 1 0 1 0 
3
6569 0 6826 2 2474 3 

6688
6688 0
1 0 0 0 0 0 0 0 0 1 
0 0 1 1 0 1 0 0 0 1 0 0 0 0 0 
2
6816 0 2592 3 

6689
6817 0
1 0 0 0 0 0 0 0 0 1 
0 0 1 1 0 1 0 0 0 1 0 0 0 0 1 
3
6817 0 6688 2 2593 3 

6693
6693 0
1 0 0 0 0 0 0 0 0 1 
0 0 1 1 0 1 0 0 0 1 0 0 1 0 1 
3
6821 0 6689 2 2597 3 

6741
6741 5717
0 0 0 0 0 0 0 0 0 1 
0 0 1 1 0 1 0 0 1 0 1 0 1 0 1 
3
6485 0 6757 2 2645 3 

6742
6742 5718
0 0 0 0 0 0 0 0 0 1 
0 0 1 1 0 1 0 0 1 0 1 0 1 1 0 
3
6741 0 6758 2 2646 3 

6745
6745 5721
0 0 0 0 0 0 0 0 0 1 
0 0 1 1 0 1 0 0 1 0 1 1 0 0 1 
3
6741 0 6761 2 2649 3 

6746
6746 5722
0 0 0 0 0 0 0 0 0 1 
0 0 1 1 0 1 0 0 1 0 1 1 0 1 0 
3
6745 0 6762 2 2650 3 

6757
6757 5462
0 0 0 0 0 0 0 0 0 1 
0 0 1 1 0 1 0 0 1 1 0 0 1 0 1 
3
6245 0 6693 2 2661 3 

6758
6758 5462
0 0 0 0 0 0 0 0 0 1 
0 0 1 1 0 1 0 0 1 1 0 0 1 1 0 
3
6757 0 6822 2 2662 3 

6761
6761 5465
0 0 0 0 0 0 0 0 0 1 
0 0 1 1 0 1 0 0 1 1 0 1 0 0 1 
3
6757 0 6825 2 2665 3 

6762
6762 5466
0 0 0 0 0 0 0 0 0 1 
0 0 1 1 0 1 0 0 1 1 0 1 0 1 0 
3
6761 0 6826 2 2666 3 

6805
6805 5781
0 0 0 0 0 0 0 0 0 1 
0 0 1 1 0 1 0 1 0 0 1 0 1 0 1 
3
6741 0 6821 2 2709 3 

6806
6806 5782
0 0 0 0 0 0 0 0 0 1 
0 0 1 1 0 1 0 1 0 0 1 0 1 1 0 
3
6805 0 6822 2 2710 3 

6809
6809 5785
0 0 0 0 0 0 0 0 0 1 
0 0 1 1 0 1 0 1 0 0 1 1 0 0 1 
3
6805 0 6825 2 2713 3 

6810
6810 5786
0 0 0 0 0 0 0 0 0 1 
0 0 1 1 0 1 0 1 0 0 1 1 0 1 0 
3
6809 0 6826 2 2714 3 

6816
6688 0
0 0 0 0 0 0 0 0 0 1 
0 0 1 1 0 1 0 1 0 1 0 0 0 0 0 
2
6688 0 2720 3 

6817
6817 0
0 0 0 0 0 0 0 0 0 1 
0 0 1 1 0 1 0 1 0 1 0 0 0 0 1 
3
6689 0 6816 2 2721 3 

6821
6693 0
0 0 0 0 0 0 0 0 0 1 
0 0 1 1 0 1 0 1 0 1 0 0 1 0 1 
3
6693 0 6817 2 2725 3 

6822
6822 5462
0 0 0 0 0 0 0 0 0 1 
0 0 1 1 0 1 0 1 0 1 0 0 1 1 0 
3
6821 0 6826 2 2726 3 

6824
6824 5462
0 0 0 0 0 0 0 0 0 1 
0 0 1 1 0 1 0 1 0 1 0 1 0 0 0 
2
6816 0 2728 3 

6825
6825 5465
0 0 0 0 0 0 0 0 0 1 
0 0 1 1 0 1 0 1 0 1 0 1 0 0 1 
3
6817 0 6824 2 2729 3 

6826
6826 5462
0 0 0 0 0 0 0 0 0 1 
0 0 1 1 0 1 0 1 0 1 0 1 0 1 0 
2
6824 0 2730 3 

8192
8192 0
0 1 1 1 1 1 1 1 1 0 
0 1 0 0 0 0 0 0 0 0 0 0 0 0 0 
3
24576 1 8193 2 12288 3 

8193
8193 0
0 1 1 1 1 1 1 1 1 0 
0 1 0 0 0 0 0 0 0 0 0 0 0 0 1 
3
24577 1 8197 2 12289 3 

8197
8197 0
0 1 1 1 1 1 0 0 1 0 
0 1 0 0 0 0 0 0 0 0 0 0 1 0 1 
3
24581 1 8261 2 12293 3 

8261
24645 0
0 1 1 1 1 1 0 0 1 0 
0 1 0 0 0 0 0 0 1 0 0 0 1 0 1 
3
24645 1 8517 2 12357 3 

8517
24645 0
0 0 0 0 0 0 0 0 1 0 
0 1 0 0 0 0 1 0 1 0 0 0 1 0 1 
2
325 1 8261 2 

8533
8533 8533
0 0 0 0 0 0 0 0 1 0 
0 1 0 0 0 0 1 0 1 0 1 0 1 0 1 
2
341 1 8517 2 

9557
9557 9557
0 0 0 0 0 0 0 0 1 0 
0 1 0 0 1 0 1 0 1 0 1 0 1 0 1 
2
1365 1 8533 2 

9558
9558 9558
0 0 0 0 0 0 0 0 1 0 
0 1 0 0 1 0 1 0 1 0 1 0 1 1 0 
3
9557 0 1366 1 10582 2 

9561
9561 9561
0 0 0 0 0 0 0 0 1 0 
0 1 0 0 1 0 1 0 1 0 1 1 0 0 1 
3
9557 0 1369 1 10585 2 

9562
9562 9562
0 0 0 0 0 0 0 0 1 0 
0 1 0 0 1 0 1 0 1 0 1 1 0 1 0 
3
9561 0 1370 1 10586 2 

9573
9573 9573
0 0 0 0 0 0 0 0 1 0 
0 1 0 0 1 0 1 0 1 1 0 0 1 0 1 
3
9557 0 1381 1 10597 2 

9574
9574 9574
0 0 0 0 0 0 0 0 1 0 
0 1 0 0 1 0 1 0 1 1 0 0 1 1 0 
3
9573 0 1382 1 10598 2 

9577
9577 9577
0 0 0 0 0 0 0 0 1 0 
0 1 0 0 1 0 1 0 1 1 0 1 0 0 1 
3
9573 0 1385 1 10601 2 

9578
9578 9578
0 0 0 0 0 0 0 0 1 0 
0 1 0 0 1 0 1 0 1 1 0 1 0 1 0 
3
9577 0 1386 1 10602 2 

9621
9621 9621
0 0 0 0 0 0 0 0 1 0 
0 1 0 0 1 0 1 1 0 0 1 0 1 0 1 
3
9557 0 1429 1 10645 2 

9622
9622 9622
0 0 0 0 0 0 0 0 1 0 
0 1 0 0 1 0 1 1 0 0 1 0 1 1 0 
3
9621 0 1430 1 10646 2 

9625
9625 9625
0 0 0 0 0 0 0 0 1 0 
0 1 0 0 1 0 1 1 0 0 1 1 0 0 1 
3
9621 0 1433 1 10649 2 

9626
9626 9626
0 0 0 0 0 0 0 0 1 0 
0 1 0 0 1 0 1 1 0 0 1 1 0 1 0 
3
9625 0 1434 1 10650 2 

9637
9637 9637
0 0 0 0 0 0 0 0 1 0 
0 1 0 0 1 0 1 1 0 1 0 0 1 0 1 
3
9573 0 1445 1 10661 2 

9638
9638 9638
0 0 0 0 0 0 0 0 1 0 
0 1 0 0 1 0 1 1 0 1 0 0 1 1 0 
3
9637 0 1446 1 10662 2 

9641
9641 9641
0 0 0 0 0 0 0 0 1 0 
0 1 0 0 1 0 1 1 0 1 0 1 0 0 1 
3
9637 0 1449 1 10665 2 

9642
9642 9642
0 0 0 0 0 0 0 0 1 0 
0 1 0 0 1 0 1 1 0 1 0 1 0 1 0 
3
9641 0 1450 1 10666 2 

9813
9813 9813
0 0 0 0 0 0 0 0 1 0 
0 1 0 0 1 1 0 0 1 0 1 0 1 0 1 
3
9557 0 1621 1 10837 2 

9814
9814 9814
0 0 0 0 0 0 0 0 1 0 
0 1 0 0 1 1 0 0 1 0 1 0 1 1 0 
3
9813 0 1622 1 10838 2 

9817
9817 9817
0 0 0 0 0 0 0 0 1 0 
0 1 0 0 1 1 0 0 1 0 1 1 0 0 1 
3
9813 0 1625 1 10841 2 

9818
9818 9818
0 0 0 0 0 0 0 0 1 0 
0 1 0 0 1 1 0 0 1 0 1 1 0 1 0 
3
9817 0 1626 1 10842 2 

9829
9829 9829
0 0 0 0 0 0 0 0 1 0 
0 1 0 0 1 1 0 0 1 1 0 0 1 0 1 
3
9573 0 1637 1 10853 2 

9830
9830 9830
0 0 0 0 0 0 0 0 1 0 
0 1 0 0 1 1 0 0 1 1 0 0 1 1 0 
3
9829 0 1638 1 10854 2 

9833
9833 9833
0 0 0 0 0 0 0 0 1 0 
0 1 0 0 1 1 0 0 1 1 0 1 0 0 1 
3
9829 0 1641 1 10857 2 

9834
9834 9834
0 0 0 0 0 0 0 0 1 0 
0 1 0 0 1 1 0 0 1 1 0 1 0 1 0 
3
9833 0 1642 1 10858 2 

9877
9877 9877
0 0 0 0 0 0 0 0 1 0 
0 1 0 0 1 1 0 1 0 0 1 0 1 0 1 
3
9813 0 1685 1 10901 2 

9878
9878 9878
0 0 0 0 0 0 0 0 1 0 
0 1 0 0 1 1 0 1 0 0 1 0 1 1 0 
3
9877 0 1686 1 10902 2 

9881
9881 9881
0 0 0 0 0 0 0 0 1 0 
0 1 0 0 1 1 0 1 0 0 1 1 0 0 1 
3
9877 0 1689 1 10905 2 

9882
9882 9882
0 0 0 0 0 0 0 0 1 0 
0 1 0 0 1 1 0 1 0 0 1 1 0 1 0 
3
9881 0 1690 1 10906 2 

9893
9893 9893
0 0 0 0 0 0 0 0 1 0 
0 1 0 0 1 1 0 1 0 1 0 0 1 0 1 
3
9829 0 1701 1 10917 2 

9894
9894 9894
0 0 0 0 0 0 0 0 1 0 
0 1 0 0 1 1 0 1 0 1 0 0 1 1 0 
3
9893 0 1702 1 10918 2 

9897
9897 9897
0 0 0 0 0 0 0 0 1 0 
0 1 0 0 1 1 0 1 0 1 0 1 0 0 1 
3
9893 0 1705 1 10921 2 

9898
9898 9898
0 0 0 0 0 0 0 0 1 0 
0 1 0 0 1 1 0 1 0 1 0 1 0 1 0 
3
9897 0 1706 1 10922 2 

10240
10240 0
1 0 0 0 0 0 1 1 1 0 
0 1 0 1 0 0 0 0 0 0 0 0 0 0 0 
2
10272 0 2048 1 

10241
10241 0
1 0 0 0 0 0 1 1 1 0 
0 1 0 1 0 0 0 0 0 0 0 0 0 0 1 
3
10273 0 2049 1 10240 2 

10245
10245 0
1 0 0 0 0 0 0 0 1 0 
0 1 0 1 0 0 0 0 0 0 0 0 1 0 1 
3
10277 0 2053 1 10241 2 

10272
10272 0
1 0 0 0 0 0 0 0 1 0 
0 1 0 1 0 0 0 0 0 1 0 0 0 0 0 
2
10784 0 2080 1 

10273
10273 0
1 0 0 0 0 0 0 0 1 0 
0 1 0 1 0 0 0 0 0 1 0 0 0 0 1 
3
10785 0 2081 1 10272 2 

10277
10277 0
1 0 0 0 0 0 0 0 1 0 
0 1 0 1 0 0 0 0 0 1 0 0 1 0 1 
3
10789 0 2085 1 10273 2 

10309
10309 9558
0 0 0 0 0 0 0 0 1 0 
0 1 0 1 0 0 0 0 1 0 0 0 1 0 1 
3
8261 0 2117 1 10245 2 

10341
10341 9558
0 0 0 0 0 0 0 0 1 0 
0 1 0 1 0 0 0 0 1 1 0 0 1 0 1 
3
10309 0 2149 1 10277 2 

10565
10565 9558
0 0 0 0 0 0 0 0 1 0 
0 1 0 1 0 0 1 0 1 0 0 0 1 0 1 
3
8517 0 2373 1 10309 2 

10581
10581 9558
0 0 0 0 0 0 0 0 1 0 
0 1 0 1 0 0 1 0 1 0 1 0 1 0 1 
3
8533 0 2389 1 10565 2 

10582
10582 9558
0 0 0 0 0 0 0 0 1 0 
0 1 0 1 0 0 1 0 1 0 1 0 1 1 0 
3
10581 0 2390 1 10598 2 

10585
10585 9561
0 0 0 0 0 0 0 0 1 0 
0 1 0 1 0 0 1 0 1 0 1 1 0 0 1 
3
10581 0 2393 1 10601 2 

10586
10586 9562
0 0 0 0 0 0 0 0 1 0 
0 1 0 1 0 0 1 0 1 0 1 1 0 1 0 
3
10585 0 2394 1 10602 2 

10597
10597 9558
0 0 0 0 0 0 0 0 1 0 
0 1 0 1 0 0 1 0 1 1 0 0 1 0 1 
3
10565 0 2405 1 10341 2 

10598
10598 9558
0 0 0 0 0 0 0 0 1 0 
0 1 0 1 0 0 1 0 1 1 0 0 1 1 0 
3
10597 0 2406 1 10854 2 

10601
10601 9561
0 0 0 0 0 0 0 0 1 0 
0 1 0 1 0 0 1 0 1 1 0 1 0 0 1 
3
10597 0 2409 1 10857 2 

10602
10602 9562
0 0 0 0 0 0 0 0 1 0 
0 1 0 1 0 0 1 0 1 1 0 1 0 1 0 
3
10601 0 2410 1 10858 2 

10645
10645 9621
0 0 0 0 0 0 0 0 1 0 
0 1 0 1 0 0 1 1 0 0 1 0 1 0 1 
3
10581 0 2453 1 10661 2 

10646
10646 9622
0 0 0 0 0 0 0 0 1 0 
0 1 0 1 0 0 1 1 0 0 1 0 1 1 0 
3
10645 0 2454 1 10662 2 

10649
10649 9625
0 0 0 0 0 0 0 0 1 0 
0 1 0 1 0 0 1 1 0 0 1 1 0 0 1 
3
10645 0 2457 1 10665 2 

10650
10650 9626
0 0 0 0 0 0 0 0 1 0 
0 1 0 1 0 0 1 1 0 0 1 1 0 1 0 
3
10649 0 2458 1 10666 2 

10661
10661 9621
0 0 0 0 0 0 0 0 1 0 
0 1 0 1 0 0 1 1 0 1 0 0 1 0 1 
3
10597 0 2469 1 10917 2 

10662
10662 9622
0 0 0 0 0 0 0 0 1 0 
0 1 0 1 0 0 1 1 0 1 0 0 1 1 0 
3
10661 0 2470 1 10918 2 

10665
10665 9625
0 0 0 0 0 0 0 0 1 0 
0 1 0 1 0 0 1 1 0 1 0 1 0 0 1 
3
10661 0 2473 1 10921 2 

10666
10666 9626
0 0 0 0 0 0 0 0 1 0 
0 1 0 1 0 0 1 1 0 1 0 1 0 1 0 
3
10665 0 2474 1 10922 2 

10784
10912 0
1 0 0 0 0 0 0 0 1 0 
0 1 0 1 0 1 0 0 0 1 0 0 0 0 0 
2
10912 0 2592 1 

10785
10913 0
1 0 0 0 0 0 0 0 1 0 
0 1 0 1 0 1 0 0 0 1 0 0 0 0 1 
3
10913 0 2593 1 10784 2 

10789
10917 0
1 0 0 0 0 0 0 0 1 0 
0 1 0 1 0 1 0 0 0 1 0 0 1 0 1 
3
10917 0 2597 1 10785 2 

10837
10837 9813
0 0 0 0 0 0 0 0 1 0 
0 1 0 1 0 1 0 0 1 0 1 0 1 0 1 
3
10581 0 2645 1 10853 2 

10838
10838 9814
0 0 0 0 0 0 0 0 1 0 
0 1 0 1 0 1 0 0 1 0 1 0 1 1 0 
3
10837 0 2646 1 10854 2 

10841
10841 9817
0 0 0 0 0 0 0 0 1 0 
0 1 0 1 0 1 0 0 1 0 1 1 0 0 1 
3
10837 0 2649 1 10857 2 

10842
10842 9818
0 0 0 0 0 0 0 0 1 0 
0 1 0 1 0 1 0 0 1 0 1 1 0 1 0 
3
10841 0 2650 1 10858 2 

10853
10853 9558
0 0 0 0 0 0 0 0 1 0 
0 1 0 1 0 1 0 0 1 1 0 0 1 0 1 
3
10341 0 2661 1 10789 2 

10854
10854 9558
0 0 0 0 0 0 0 0 1 0 
0 1 0 1 0 1 0 0 1 1 0 0 1 1 0 
3
10853 0 2662 1 10918 2 

10857
10857 9561
0 0 0 0 0 0 0 0 1 0 
0 1 0 1 0 1 0 0 1 1 0 1 0 0 1 
3
10853 0 2665 1 10921 2 

10858
10858 9562
0 0 0 0 0 0 0 0 1 0 
0 1 0 1 0 1 0 0 1 1 0 1 0 1 0 
3
10857 0 2666 1 10922 2 

10901
10901 9877
0 0 0 0 0 0 0 0 1 0 
0 1 0 1 0 1 0 1 0 0 1 0 1 0 1 
3
10837 0 2709 1 10917 2 

10902
10902 9878
0 0 0 0 0 0 0 0 1 0 
0 1 0 1 0 1 0 1 0 0 1 0 1 1 0 
3
10901 0 2710 1 10918 2 

10905
10905 9881
0 0 0 0 0 0 0 0 1 0 
0 1 0 1 0 1 0 1 0 0 1 1 0 0 1 
3
10901 0 2713 1 10921 2 

10906
10906 9882
0 0 0 0 0 0 0 0 1 0 
0 1 0 1 0 1 0 1 0 0 1 1 0 1 0 
3
10905 0 2714 1 10922 2 

10912
10912 0
0 0 0 0 0 0 0 0 1 0 
0 1 0 1 0 1 0 1 0 1 0 0 0 0 0 
2
10784 0 2720 1 

10913
10913 0
0 0 0 0 0 0 0 0 1 0 
0 1 0 1 0 1 0 1 0 1 0 0 0 0 1 
3
10785 0 2721 1 10912 2 

10917
10917 0
0 0 0 0 0 0 0 0 1 0 
0 1 0 1 0 1 0 1 0 1 0 0 1 0 1 
3
10789 0 2725 1 10913 2 

10918
10918 9558
0 0 0 0 0 0 0 0 1 0 
0 1 0 1 0 1 0 1 0 1 0 0 1 1 0 
3
10917 0 2726 1 10922 2 

10920
10920 9558
0 0 0 0 0 0 0 0 1 0 
0 1 0 1 0 1 0 1 0 1 0 1 0 0 0 
2
10912 0 2728 1 

10921
10921 9561
0 0 0 0 0 0 0 0 1 0 
0 1 0 1 0 1 0 1 0 1 0 1 0 0 1 
3
10913 0 2729 1 10920 2 

10922
10922 9558
0 0 0 0 0 0 0 0 1 0 
0 1 0 1 0 1 0 1 0 1 0 1 0 1 0 
2
10920 0 2730 1 

12288
12288 0
0 1 1 1 1 1 1 1 1 1 
0 1 1 0 0 0 0 0 0 0 0 0 0 0 0 
2
28672 1 12289 2 

12289
12289 0
0 1 1 1 1 1 1 1 1 1 
0 1 1 0 0 0 0 0 0 0 0 0 0 0 1 
2
28673 1 12293 2 

12293
12293 0
0 1 1 1 1 1 0 0 1 1 
0 1 1 0 0 0 0 0 0 0 0 0 1 0 1 
2
28677 1 12357 2 

12357
24645 0
0 1 1 1 1 1 0 0 1 1 
0 1 1 0 0 0 0 0 1 0 0 0 1 0 1 
2
28741 1 12613 2 

12613
24645 0
0 0 0 0 0 0 0 0 1 1 
0 1 1 0 0 0 1 0 1 0 0 0 1 0 1 
3
4421 1 12357 2 8517 3 

12629
12629 12629
0 0 0 0 0 0 0 0 1 1 
0 1 1 0 0 0 1 0 1 0 1 0 1 0 1 
3
4437 1 12613 2 8533 3 

13653
13653 13653
0 0 0 0 0 0 0 0 1 1 
0 1 1 0 1 0 1 0 1 0 1 0 1 0 1 
3
5461 1 12629 2 9557 3 

13654
13654 13654
0 0 0 0 0 0 0 0 1 1 
0 1 1 0 1 0 1 0 1 0 1 0 1 1 0 
4
13653 0 5462 1 14678 2 9558 3 

13657
13657 13657
0 0 0 0 0 0 0 0 1 1 
0 1 1 0 1 0 1 0 1 0 1 1 0 0 1 
4
13653 0 5465 1 14681 2 9561 3 

13658
13658 13658
0 0 0 0 0 0 0 0 1 1 
0 1 1 0 1 0 1 0 1 0 1 1 0 1 0 
4
13657 0 5466 1 14682 2 9562 3 

13669
13669 13669
0 0 0 0 0 0 0 0 1 1 
0 1 1 0 1 0 1 0 1 1 0 0 1 0 1 
4
13653 0 5477 1 14693 2 9573 3 

13670
13670 13670
0 0 0 0 0 0 0 0 1 1 
0 1 1 0 1 0 1 0 1 1 0 0 1 1 0 
4
13669 0 5478 1 14694 2 9574 3 

13673
13673 13673
0 0 0 0 0 0 0 0 1 1 
0 1 1 0 1 0 1 0 1 1 0 1 0 0 1 
4
13669 0 5481 1 14697 2 9577 3 

13674
13674 13674
0 0 0 0 0 0 0 0 1 1 
0 1 1 0 1 0 1 0 1 1 0 1 0 1 0 
4
13673 0 5482 1 14698 2 9578 3 

13717
13717 13717
0 0 0 0 0 0 0 0 1 1 
0 1 1 0 1 0 1 1 0 0 1 0 1 0 1 
4
13653 0 5525 1 14741 2 9621 3 

13718
13718 13718
0 0 0 0 0 0 0 0 1 1 
0 1 1 0 1 0 1 1 0 0 1 0 1 1 0 
4
13717 0 5526 1 14742 2 9622 3 

13721
13721 13721
0 0 0 0 0 0 0 0 1 1 
0 1 1 0 1 0 1 1 0 0 1 1 0 0 1 
4
13717 0 5529 1 14745 2 9625 3 

13722
13722 13722
0 0 0 0 0 0 0 0 1 1 
0 1 1 0 1 0 1 1 0 0 1 1 0 1 0 
4
13721 0 5530 1 14746 2 9626 3 

13733
13733 13733
0 0 0 0 0 0 0 0 1 1 
0 1 1 0 1 0 1 1 0 1 0 0 1 0 1 
4
13669 0 5541 1 14757 2 9637 3 

13734
13734 13734
0 0 0 0 0 0 0 0 1 1 
0 1 1 0 1 0 1 1 0 1 0 0 1 1 0 
4
13733 0 5542 1 14758 2 9638 3 

13737
13737 13737
0 0 0 0 0 0 0 0 1 1 
0 1 1 0 1 0 1 1 0 1 0 1 0 0 1 
4
13733 0 5545 1 14761 2 9641 3 

13738
13738 13738
0 0 0 0 0 0 0 0 1 1 
0 1 1 0 1 0 1 1 0 1 0 1 0 1 0 
4
13737 0 5546 1 14762 2 9642 3 

13909
13909 13909
0 0 0 0 0 0 0 0 1 1 
0 1 1 0 1 1 0 0 1 0 1 0 1 0 1 
4
13653 0 5717 1 14933 2 9813 3 

13910
13910 13910
0 0 0 0 0 0 0 0 1 1 
0 1 1 0 1 1 0 0 1 0 1 0 1 1 0 
4
13909 0 5718 1 14934 2 9814 3 

13913
13913 13913
0 0 0 0 0 0 0 0 1 1 
0 1 1 0 1 1 0 0 1 0 1 1 0 0 1 
4
13909 0 5721 1 14937 2 9817 3 

13914
13914 13914
0 0 0 0 0 0 0 0 1 1 
0 1 1 0 1 1 0 0 1 0 1 1 0 1 0 
4
13913 0 5722 1 14938 2 9818 3 

13925
13925 13925
0 0 0 0 0 0 0 0 1 1 
0 1 1 0 1 1 0 0 1 1 0 0 1 0 1 
4
13669 0 5733 1 14949 2 9829 3 

13926
13926 13926
0 0 0 0 0 0 0 0 1 1 
0 1 1 0 1 1 0 0 1 1 0 0 1 1 0 
4
13925 0 5734 1 14950 2 9830 3 

13929
13929 13929
0 0 0 0 0 0 0 0 1 1 
0 1 1 0 1 1 0 0 1 1 0 1 0 0 1 
4
13925 0 5737 1 14953 2 9833 3 

13930
13930 13930
0 0 0 0 0 0 0 0 1 1 
0 1 1 0 1 1 0 0 1 1 0 1 0 1 0 
4
13929 0 5738 1 14954 2 9834 3 

13973
13973 13973
0 0 0 0 0 0 0 0 1 1 
0 1 1 0 1 1 0 1 0 0 1 0 1 0 1 
4
13909 0 5781 1 14997 2 9877 3 

13974
13974 13974
0 0 0 0 0 0 0 0 1 1 
0 1 1 0 1 1 0 1 0 0 1 0 1 1 0 
4
13973 0 5782 1 14998 2 9878 3 

13977
13977 13977
0 0 0 0 0 0 0 0 1 1 
0 1 1 0 1 1 0 1 0 0 1 1 0 0 1 
4
13973 0 5785 1 15001 2 9881 3 

13978
13978 13978
0 0 0 0 0 0 0 0 1 1 
0 1 1 0 1 1 0 1 0 0 1 1 0 1 0 
4
13977 0 5786 1 15002 2 9882 3 

13989
13989 13989
0 0 0 0 0 0 0 0 1 1 
0 1 1 0 1 1 0 1 0 1 0 0 1 0 1 
4
13925 0 5797 1 15013 2 9893 3 

13990
13990 13990
0 0 0 0 0 0 0 0 1 1 
0 1 1 0 1 1 0 1 0 1 0 0 1 1 0 
4
13989 0 5798 1 15014 2 9894 3 

13993
13993 13993
0 0 0 0 0 0 0 0 1 1 
0 1 1 0 1 1 0 1 0 1 0 1 0 0 1 
4
13989 0 5801 1 15017 2 9897 3 

13994
13994 13994
0 0 0 0 0 0 0 0 1 1 
0 1 1 0 1 1 0 1 0 1 0 1 0 1 0 
4
13993 0 5802 1 15018 2 9898 3 

14336
14336 0
1 0 0 0 0 0 1 1 1 1 
0 1 1 1 0 0 0 0 0 0 0 0 0 0 0 
3
14368 0 6144 1 10240 3 

14337
14337 0
1 0 0 0 0 0 1 1 1 1 
0 1 1 1 0 0 0 0 0 0 0 0 0 0 1 
4
14369 0 6145 1 14336 2 10241 3 

14341
14341 0
1 0 0 0 0 0 0 0 1 1 
0 1 1 1 0 0 0 0 0 0 0 0 1 0 1 
4
14373 0 6149 1 14337 2 10245 3 

14368
14368 0
1 0 0 0 0 0 0 0 1 1 
0 1 1 1 0 0 0 0 0 1 0 0 0 0 0 
3
14880 0 6176 1 10272 3 

14369
14369 0
1 0 0 0 0 0 0 0 1 1 
0 1 1 1 0 0 0 0 0 1 0 0 0 0 1 
4
14881 0 6177 1 14368 2 10273 3 

14373
14373 0
1 0 0 0 0 0 0 0 1 1 
0 1 1 1 0 0 0 0 0 1 0 0 1 0 1 
4
14885 0 6181 1 14369 2 10277 3 

14405
14405 13654
0 0 0 0 0 0 0 0 1 1 
0 1 1 1 0 0 0 0 1 0 0 0 1 0 1 
4
12357 0 6213 1 14341 2 10309 3 

14437
14437 13654
0 0 0 0 0 0 0 0 1 1 
0 1 1 1 0 0 0 0 1 1 0 0 1 0 1 
4
14405 0 6245 1 14373 2 10341 3 

14661
14661 13654
0 0 0 0 0 0 0 0 1 1 
0 1 1 1 0 0 1 0 1 0 0 0 1 0 1 
4
12613 0 6469 1 14405 2 10565 3 

14677
14677 13654
0 0 0 0 0 0 0 0 1 1 
0 1 1 1 0 0 1 0 1 0 1 0 1 0 1 
4
12629 0 6485 1 14661 2 10581 3 

14678
14678 13654
0 0 0 0 0 0 0 0 1 1 
0 1 1 1 0 0 1 0 1 0 1 0 1 1 0 
4
14677 0 6486 1 14694 2 10582 3 

14681
14681 13657
0 0 0 0 0 0 0 0 1 1 
0 1 1 1 0 0 1 0 1 0 1 1 0 0 1 
4
14677 0 6489 1 14697 2 10585 3 

14682
14682 13658
0 0 0 0 0 0 0 0 1 1 
0 1 1 1 0 0 1 0 1 0 1 1 0 1 0 
4
14681 0 6490 1 14698 2 10586 3 

14693
14693 13654
0 0 0 0 0 0 0 0 1 1 
0 1 1 1 0 0 1 0 1 1 0 0 1 0 1 
4
14661 0 6501 1 14437 2 10597 3 

14694
14694 13654
0 0 0 0 0 0 0 0 1 1 
0 1 1 1 0 0 1 0 1 1 0 0 1 1 0 
4
14693 0 6502 1 14950 2 10598 3 

14697
14697 13657
0 0 0 0 0 0 0 0 1 1 
0 1 1 1 0 0 1 0 1 1 0 1 0 0 1 
4
14693 0 6505 1 14953 2 10601 3 

14698
14698 13658
0 0 0 0 0 0 0 0 1 1 
0 1 1 1 0 0 1 0 1 1 0 1 0 1 0 
4
14697 0 6506 1 14954 2 10602 3 

14741
14741 13717
0 0 0 0 0 0 0 0 1 1 
0 1 1 1 0 0 1 1 0 0 1 0 1 0 1 
4
14677 0 6549 1 14757 2 10645 3 

14742
14742 13718
0 0 0 0 0 0 0 0 1 1 
0 1 1 1 0 0 1 1 0 0 1 0 1 1 0 
4
14741 0 6550 1 14758 2 10646 3 

14745
14745 13721
0 0 0 0 0 0 0 0 1 1 
0 1 1 1 0 0 1 1 0 0 1 1 0 0 1 
4
14741 0 6553 1 14761 2 10649 3 

14746
14746 13722
0 0 0 0 0 0 0 0 1 1 
0 1 1 1 0 0 1 1 0 0 1 1 0 1 0 
4
14745 0 6554 1 14762 2 10650 3 

14757
14757 13717
0 0 0 0 0 0 0 0 1 1 
0 1 1 1 0 0 1 1 0 1 0 0 1 0 1 
4
14693 0 6565 1 15013 2 10661 3 

14758
14758 13718
0 0 0 0 0 0 0 0 1 1 
0 1 1 1 0 0 1 1 0 1 0 0 1 1 0 
4
14757 0 6566 1 15014 2 10662 3 

14761
14761 13721
0 0 0 0 0 0 0 0 1 1 
0 1 1 1 0 0 1 1 0 1 0 1 0 0 1 
4
14757 0 6569 1 15017 2 10665 3 

14762
14762 13722
0 0 0 0 0 0 0 0 1 1 
0 1 1 1 0 0 1 1 0 1 0 1 0 1 0 
4
14761 0 6570 1 15018 2 10666 3 

14880
15008 0
1 0 0 0 0 0 0 0 1 1 
0 1 1 1 0 1 0 0 0 1 0 0 0 0 0 
3
15008 0 6688 1 10784 3 

14881
14881 0
1 0 0 0 0 0 0 0 1 1 
0 1 1 1 0 1 0 0 0 1 0 0 0 0 1 
4
15009 0 6689 1 14880 2 10785 3 

14885
15013 0
1 0 0 0 0 0 0 0 1 1 
0 1 1 1 0 1 0 0 0 1 0 0 1 0 1 
4
15013 0 6693 1 14881 2 10789 3 

14933
14933 13909
0 0 0 0 0 0 0 0 1 1 
0 1 1 1 0 1 0 0 1 0 1 0 1 0 1 
4
14677 0 6741 1 14949 2 10837 3 

14934
14934 13910
0 0 0 0 0 0 0 0 1 1 
0 1 1 1 0 1 0 0 1 0 1 0 1 1 0 
4
14933 0 6742 1 14950 2 10838 3 

14937
14937 13913
0 0 0 0 0 0 0 0 1 1 
0 1 1 1 0 1 0 0 1 0 1 1 0 0 1 
4
14933 0 6745 1 14953 2 10841 3 

14938
14938 13914
0 0 0 0 0 0 0 0 1 1 
0 1 1 1 0 1 0 0 1 0 1 1 0 1 0 
4
14937 0 6746 1 14954 2 10842 3 

14949
14949 13654
0 0 0 0 0 0 0 0 1 1 
0 1 1 1 0 1 0 0 1 1 0 0 1 0 1 
4
14437 0 6757 1 14885 2 10853 3 

14950
14950 13654
0 0 0 0 0 0 0 0 1 1 
0 1 1 1 0 1 0 0 1 1 0 0 1 1 0 
4
14949 0 6758 1 15014 2 10854 3 

14953
14953 13657
0 0 0 0 0 0 0 0 1 1 
0 1 1 1 0 1 0 0 1 1 0 1 0 0 1 
4
14949 0 6761 1 15017 2 10857 3 

14954
14954 13658
0 0 0 0 0 0 0 0 1 1 
0 1 1 1 0 1 0 0 1 1 0 1 0 1 0 
4
14953 0 6762 1 15018 2 10858 3 

14997
14997 13973
0 0 0 0 0 0 0 0 1 1 
0 1 1 1 0 1 0 1 0 0 1 0 1 0 1 
4
14933 0 6805 1 15013 2 10901 3 

14998
14998 13974
0 0 0 0 0 0 0 0 1 1 
0 1 1 1 0 1 0 1 0 0 1 0 1 1 0 
4
14997 0 6806 1 15014 2 10902 3 

15001
15001 13977
0 0 0 0 0 0 0 0 1 1 
0 1 1 1 0 1 0 1 0 0 1 1 0 0 1 
4
14997 0 6809 1 15017 2 10905 3 

15002
15002 13978
0 0 0 0 0 0 0 0 1 1 
0 1 1 1 0 1 0 1 0 0 1 1 0 1 0 
4
15001 0 6810 1 15018 2 10906 3 

15008
15008 0
0 0 0 0 0 0 0 0 1 1 
0 1 1 1 0 1 0 1 0 1 0 0 0 0 0 
3
14880 0 6816 1 10912 3 

15009
14881 0
0 0 0 0 0 0 0 0 1 1 
0 1 1 1 0 1 0 1 0 1 0 0 0 0 1 
4
14881 0 6817 1 15008 2 10913 3 

15013
15013 0
0 0 0 0 0 0 0 0 1 1 
0 1 1 1 0 1 0 1 0 1 0 0 1 0 1 
4
14885 0 6821 1 15009 2 10917 3 

15014
15014 13654
0 0 0 0 0 0 0 0 1 1 
0 1 1 1 0 1 0 1 0 1 0 0 1 1 0 
4
15013 0 6822 1 15018 2 10918 3 

15016
15016 13654
0 0 0 0 0 0 0 0 1 1 
0 1 1 1 0 1 0 1 0 1 0 1 0 0 0 
3
15008 0 6824 1 10920 3 

15017
15017 13657
0 0 0 0 0 0 0 0 1 1 
0 1 1 1 0 1 0 1 0 1 0 1 0 0 1 
4
15009 0 6825 1 15016 2 10921 3 

15018
15018 13654
0 0 0 0 0 0 0 0 1 1 
0 1 1 1 0 1 0 1 0 1 0 1 0 1 0 
3
15016 0 6826 1 10922 3 

24576
24576 0
1 1 1 1 1 1 1 1 1 0 
1 1 0 0 0 0 0 0 0 0 0 0 0 0 0 
3
26624 0 24577 2 28672 3 

24577
24577 0
1 1 1 1 1 1 1 1 1 0 
1 1 0 0 0 0 0 0 0 0 0 0 0 0 1 
3
26625 0 24581 2 28673 3 

24581
24581 0
1 1 1 1 1 1 0 0 1 0 
1 1 0 0 0 0 0 0 0 0 0 0 1 0 1 
3
26629 0 24645 2 28677 3 

24645
24645 0
0 1 1 1 1 1 0 0 1 0 
1 1 0 0 0 0 0 0 1 0 0 0 1 0 1 
2
24901 2 28741 3 

24901
24645 0
0 0 0 0 0 0 0 0 1 0 
1 1 0 0 0 0 1 0 1 0 0 0 1 0 1 
2
8517 1 24645 2 

24917
24917 24917
0 0 0 0 0 0 0 0 1 0 
1 1 0 0 0 0 1 0 1 0 1 0 1 0 1 
2
8533 1 24901 2 

25941
25941 25941
0 0 0 0 0 0 0 0 1 0 
1 1 0 0 1 0 1 0 1 0 1 0 1 0 1 
2
9557 1 24917 2 

25942
25942 25942
0 0 0 0 0 0 0 0 1 0 
1 1 0 0 1 0 1 0 1 0 1 0 1 1 0 
3
25941 0 9558 1 26966 2 

25945
25945 25945
0 0 0 0 0 0 0 0 1 0 
1 1 0 0 1 0 1 0 1 0 1 1 0 0 1 
3
25941 0 9561 1 26969 2 

25946
25946 25946
0 0 0 0 0 0 0 0 1 0 
1 1 0 0 1 0 1 0 1 0 1 1 0 1 0 
3
25945 0 9562 1 26970 2 

25957
25957 25957
0 0 0 0 0 0 0 0 1 0 
1 1 0 0 1 0 1 0 1 1 0 0 1 0 1 
3
25941 0 9573 1 26981 2 

25958
25958 25958
0 0 0 0 0 0 0 0 1 0 
1 1 0 0 1 0 1 0 1 1 0 0 1 1 0 
3
25957 0 9574 1 26982 2 

25961
25961 25961
0 0 0 0 0 0 0 0 1 0 
1 1 0 0 1 0 1 0 1 1 0 1 0 0 1 
3
25957 0 9577 1 26985 2 

25962
25962 25962
0 0 0 0 0 0 0 0 1 0 
1 1 0 0 1 0 1 0 1 1 0 1 0 1 0 
3
25961 0 9578 1 26986 2 

26005
26005 26005
0 0 0 0 0 0 0 0 1 0 
1 1 0 0 1 0 1 1 0 0 1 0 1 0 1 
3
25941 0 9621 1 27029 2 

26006
26006 26006
0 0 0 0 0 0 0 0 1 0 
1 1 0 0 1 0 1 1 0 0 1 0 1 1 0 
3
26005 0 9622 1 27030 2 

26009
26009 26009
0 0 0 0 0 0 0 0 1 0 
1 1 0 0 1 0 1 1 0 0 1 1 0 0 1 
3
26005 0 9625 1 27033 2 

26010
26010 26010
0 0 0 0 0 0 0 0 1 0 
1 1 0 0 1 0 1 1 0 0 1 1 0 1 0 
3
26009 0 9626 1 27034 2 

26021
26021 26021
0 0 0 0 0 0 0 0 1 0 
1 1 0 0 1 0 1 1 0 1 0 0 1 0 1 
3
25957 0 9637 1 27045 2 

26022
26022 26022
0 0 0 0 0 0 0 0 1 0 
1 1 0 0 1 0 1 1 0 1 0 0 1 1 0 
3
26021 0 9638 1 27046 2 

26025
26025 26025
0 0 0 0 0 0 0 0 1 0 
1 1 0 0 1 0 1 1 0 1 0 1 0 0 1 
3
26021 0 9641 1 27049 2 

26026
26026 26026
0 0 0 0 0 0 0 0 1 0 
1 1 0 0 1 0 1 1 0 1 0 1 0 1 0 
3
26025 0 9642 1 27050 2 

26197
26197 26197
0 0 0 0 0 0 0 0 1 0 
1 1 0 0 1 1 0 0 1 0 1 0 1 0 1 
3
25941 0 9813 1 27221 2 

26198
26198 26198
0 0 0 0 0 0 0 0 1 0 
1 1 0 0 1 1 0 0 1 0 1 0 1 1 0 
3
26197 0 9814 1 27222 2 

26201
26201 26201
0 0 0 0 0 0 0 0 1 0 
1 1 0 0 1 1 0 0 1 0 1 1 0 0 1 
3
26197 0 9817 1 27225 2 

26202
26202 26202
0 0 0 0 0 0 0 0 1 0 
1 1 0 0 1 1 0 0 1 0 1 1 0 1 0 
3
26201 0 9818 1 27226 2 

26213
26213 26213
0 0 0 0 0 0 0 0 1 0 
1 1 0 0 1 1 0 0 1 1 0 0 1 0 1 
3
25957 0 9829 1 27237 2 

26214
26214 26214
0 0 0 0 0 0 0 0 1 0 
1 1 0 0 1 1 0 0 1 1 0 0 1 1 0 
3
26213 0 9830 1 27238 2 

26217
26217 26217
0 0 0 0 0 0 0 0 1 0 
1 1 0 0 1 1 0 0 1 1 0 1 0 0 1 
3
26213 0 9833 1 27241 2 

26218
26218 26218
0 0 0 0 0 0 0 0 1 0 
1 1 0 0 1 1 0 0 1 1 0 1 0 1 0 
3
26217 0 9834 1 27242 2 

26261
26261 26261
0 0 0 0 0 0 0 0 1 0 
1 1 0 0 1 1 0 1 0 0 1 0 1 0 1 
3
26197 0 9877 1 27285 2 

26262
26262 26262
0 0 0 0 0 0 0 0 1 0 
1 1 0 0 1 1 0 1 0 0 1 0 1 1 0 
3
26261 0 9878 1 27286 2 

26265
26265 26265
0 0 0 0 0 0 0 0 1 0 
1 1 0 0 1 1 0 1 0 0 1 1 0 0 1 
3
26261 0 9881 1 27289 2 

26266
26266 26266
0 0 0 0 0 0 0 0 1 0 
1 1 0 0 1 1 0 1 0 0 1 1 0 1 0 
3
26265 0 9882 1 27290 2 

26277
26277 26277
0 0 0 0 0 0 0 0 1 0 
1 1 0 0 1 1 0 1 0 1 0 0 1 0 1 
3
26213 0 9893 1 27301 2 

26278
26278 26278
0 0 0 0 0 0 0 0 1 0 
1 1 0 0 1 1 0 1 0 1 0 0 1 1 0 
3
26277 0 9894 1 27302 2 

26281
26281 26281
0 0 0 0 0 0 0 0 1 0 
1 1 0 0 1 1 0 1 0 1 0 1 0 0 1 
3
26277 0 9897 1 27305 2 

26282
26282 26282
0 0 0 0 0 0 0 0 1 0 
1 1 0 0 1 1 0 1 0 1 0 1 0 1 0 
3
26281 0 9898 1 27306 2 

26624
26624 0
1 0 0 0 0 0 1 1 1 0 
1 1 0 1 0 0 0 0 0 0 0 0 0 0 0 
2
26656 0 10240 1 

26625
26625 0
1 0 0 0 0 0 1 1 1 0 
1 1 0 1 0 0 0 0 0 0 0 0 0 0 1 
3
26657 0 10241 1 26624 2 

26629
26629 0
1 0 0 0 0 0 0 0 1 0 
1 1 0 1 0 0 0 0 0 0 0 0 1 0 1 
3
26661 0 10245 1 26625 2 

26656
26656 0
1 0 0 0 0 0 0 0 1 0 
1 1 0 1 0 0 0 0 0 1 0 0 0 0 0 
2
27168 0 10272 1 

26657
26657 0
1 0 0 0 0 0 0 0 1 0 
1 1 0 1 0 0 0 0 0 1 0 0 0 0 1 
3
27169 0 10273 1 26656 2 

26661
26661 0
1 0 0 0 0 0 0 0 1 0 
1 1 0 1 0 0 0 0 0 1 0 0 1 0 1 
3
27173 0 10277 1 26657 2 

26693
26693 25942
0 0 0 0 0 0 0 0 1 0 
1 1 0 1 0 0 0 0 1 0 0 0 1 0 1 
3
24645 0 10309 1 26629 2 

26725
26725 25942
0 0 0 0 0 0 0 0 1 0 
1 1 0 1 0 0 0 0 1 1 0 0 1 0 1 
3
26693 0 10341 1 26661 2 

26949
26949 25942
0 0 0 0 0 0 0 0 1 0 
1 1 0 1 0 0 1 0 1 0 0 0 1 0 1 
3
24901 0 10565 1 26693 2 

26965
26965 25942
0 0 0 0 0 0 0 0 1 0 
1 1 0 1 0 0 1 0 1 0 1 0 1 0 1 
3
24917 0 10581 1 26949 2 

26966
26966 25942
0 0 0 0 0 0 0 0 1 0 
1 1 0 1 0 0 1 0 1 0 1 0 1 1 0 
3
26965 0 10582 1 26982 2 

26969
26969 25945
0 0 0 0 0 0 0 0 1 0 
1 1 0 1 0 0 1 0 1 0 1 1 0 0 1 
3
26965 0 10585 1 26985 2 

26970
26970 25946
0 0 0 0 0 0 0 0 1 0 
1 1 0 1 0 0 1 0 1 0 1 1 0 1 0 
3
26969 0 10586 1 26986 2 

26981
26981 25942
0 0 0 0 0 0 0 0 1 0 
1 1 0 1 0 0 1 0 1 1 0 0 1 0 1 
3
26949 0 10597 1 26725 2 

26982
26982 25942
0 0 0 0 0 0 0 0 1 0 
1 1 0 1 0 0 1 0 1 1 0 0 1 1 0 
3
26981 0 10598 1 27238 2 

26985
26985 25945
0 0 0 0 0 0 0 0 1 0 
1 1 0 1 0 0 1 0 1 1 0 1 0 0 1 
3
26981 0 10601 1 27241 2 

26986
26986 25946
0 0 0 0 0 0 0 0 1 0 
1 1 0 1 0 0 1 0 1 1 0 1 0 1 0 
3
26985 0 10602 1 27242 2 

27029
27029 26005
0 0 0 0 0 0 0 0 1 0 
1 1 0 1 0 0 1 1 0 0 1 0 1 0 1 
3
26965 0 10645 1 27045 2 

27030
27030 26006
0 0 0 0 0 0 0 0 1 0 
1 1 0 1 0 0 1 1 0 0 1 0 1 1 0 
3
27029 0 10646 1 27046 2 

27033
27033 26009
0 0 0 0 0 0 0 0 1 0 
1 1 0 1 0 0 1 1 0 0 1 1 0 0 1 
3
27029 0 10649 1 27049 2 

27034
27034 26010
0 0 0 0 0 0 0 0 1 0 
1 1 0 1 0 0 1 1 0 0 1 1 0 1 0 
3
27033 0 10650 1 27050 2 

27045
27045 26005
0 0 0 0 0 0 0 0 1 0 
1 1 0 1 0 0 1 1 0 1 0 0 1 0 1 
3
26981 0 10661 1 27301 2 

27046
27046 26006
0 0 0 0 0 0 0 0 1 0 
1 1 0 1 0 0 1 1 0 1 0 0 1 1 0 
3
27045 0 10662 1 27302 2 

27049
27049 26009
0 0 0 0 0 0 0 0 1 0 
1 1 0 1 0 0 1 1 0 1 0 1 0 0 1 
3
27045 0 10665 1 27305 2 

27050
27050 26010
0 0 0 0 0 0 0 0 1 0 
1 1 0 1 0 0 1 1 0 1 0 1 0 1 0 
3
27049 0 10666 1 27306 2 

27168
27168 0
1 0 0 0 0 0 0 0 1 0 
1 1 0 1 0 1 0 0 0 1 0 0 0 0 0 
2
27296 0 10784 1 

27169
27169 0
1 0 0 0 0 0 0 0 1 0 
1 1 0 1 0 1 0 0 0 1 0 0 0 0 1 
3
27297 0 10785 1 27168 2 

27173
27173 0
1 0 0 0 0 0 0 0 1 0 
1 1 0 1 0 1 0 0 0 1 0 0 1 0 1 
3
27301 0 10789 1 27169 2 

27221
27221 26197
0 0 0 0 0 0 0 0 1 0 
1 1 0 1 0 1 0 0 1 0 1 0 1 0 1 
3
26965 0 10837 1 27237 2 

27222
27222 26198
0 0 0 0 0 0 0 0 1 0 
1 1 0 1 0 1 0 0 1 0 1 0 1 1 0 
3
27221 0 10838 1 27238 2 

27225
27225 26201
0 0 0 0 0 0 0 0 1 0 
1 1 0 1 0 1 0 0 1 0 1 1 0 0 1 
3
27221 0 10841 1 27241 2 

27226
27226 26202
0 0 0 0 0 0 0 0 1 0 
1 1 0 1 0 1 0 0 1 0 1 1 0 1 0 
3
27225 0 10842 1 27242 2 

27237
27237 25942
0 0 0 0 0 0 0 0 1 0 
1 1 0 1 0 1 0 0 1 1 0 0 1 0 1 
3
26725 0 10853 1 27173 2 

27238
27238 25942
0 0 0 0 0 0 0 0 1 0 
1 1 0 1 0 1 0 0 1 1 0 0 1 1 0 
3
27237 0 10854 1 27302 2 

27241
27241 25945
0 0 0 0 0 0 0 0 1 0 
1 1 0 1 0 1 0 0 1 1 0 1 0 0 1 
3
27237 0 10857 1 27305 2 

27242
27242 25946
0 0 0 0 0 0 0 0 1 0 
1 1 0 1 0 1 0 0 1 1 0 1 0 1 0 
3
27241 0 10858 1 27306 2 

27285
27285 26261
0 0 0 0 0 0 0 0 1 0 
1 1 0 1 0 1 0 1 0 0 1 0 1 0 1 
3
27221 0 10901 1 27301 2 

27286
27286 26262
0 0 0 0 0 0 0 0 1 0 
1 1 0 1 0 1 0 1 0 0 1 0 1 1 0 
3
27285 0 10902 1 27302 2 

27289
27289 26265
0 0 0 0 0 0 0 0 1 0 
1 1 0 1 0 1 0 1 0 0 1 1 0 0 1 
3
27285 0 10905 1 27305 2 

27290
27290 26266
0 0 0 0 0 0 0 0 1 0 
1 1 0 1 0 1 0 1 0 0 1 1 0 1 0 
3
27289 0 10906 1 27306 2 

27296
27168 0
0 0 0 0 0 0 0 0 1 0 
1 1 0 1 0 1 0 1 0 1 0 0 0 0 0 
2
27168 0 10912 1 

27297
27169 0
0 0 0 0 0 0 0 0 1 0 
1 1 0 1 0 1 0 1 0 1 0 0 0 0 1 
3
27169 0 10913 1 27296 2 

27301
27173 0
0 0 0 0 0 0 0 0 1 0 
1 1 0 1 0 1 0 1 0 1 0 0 1 0 1 
3
27173 0 10917 1 27297 2 

27302
27302 25942
0 0 0 0 0 0 0 0 1 0 
1 1 0 1 0 1 0 1 0 1 0 0 1 1 0 
3
27301 0 10918 1 27306 2 

27304
27304 25942
0 0 0 0 0 0 0 0 1 0 
1 1 0 1 0 1 0 1 0 1 0 1 0 0 0 
2
27296 0 10920 1 

27305
27305 25945
0 0 0 0 0 0 0 0 1 0 
1 1 0 1 0 1 0 1 0 1 0 1 0 0 1 
3
27297 0 10921 1 27304 2 

27306
27306 25942
0 0 0 0 0 0 0 0 1 0 
1 1 0 1 0 1 0 1 0 1 0 1 0 1 0 
2
27304 0 10922 1 

28672
28672 0
1 1 1 1 1 1 1 1 1 1 
1 1 1 0 0 0 0 0 0 0 0 0 0 0 0 
2
30720 0 28673 2 

28673
28673 0
1 1 1 1 1 1 1 1 1 1 
1 1 1 0 0 0 0 0 0 0 0 0 0 0 1 
2
30721 0 28677 2 

28677
28677 0
1 1 1 1 1 1 0 0 1 1 
1 1 1 0 0 0 0 0 0 0 0 0 1 0 1 
2
30725 0 28741 2 

28741
24645 0
0 1 1 1 1 1 0 0 1 1 
1 1 1 0 0 0 0 0 1 0 0 0 1 0 1 
1
28997 2 

28997
24645 0
0 0 0 0 0 0 0 0 1 1 
1 1 1 0 0 0 1 0 1 0 0 0 1 0 1 
3
12613 1 28741 2 24901 3 

29013
29013 29013
0 0 0 0 0 0 0 0 1 1 
1 1 1 0 0 0 1 0 1 0 1 0 1 0 1 
3
12629 1 28997 2 24917 3 

30037
30037 30037
0 0 0 0 0 0 0 0 1 1 
1 1 1 0 1 0 1 0 1 0 1 0 1 0 1 
3
13653 1 29013 2 25941 3 

30038
30038 30038
0 0 0 0 0 0 0 0 1 1 
1 1 1 0 1 0 1 0 1 0 1 0 1 1 0 
4
30037 0 13654 1 31062 2 25942 3 

30041
30041 30041
0 0 0 0 0 0 0 0 1 1 
1 1 1 0 1 0 1 0 1 0 1 1 0 0 1 
4
30037 0 13657 1 31065 2 25945 3 

30042
30042 30042
0 0 0 0 0 0 0 0 1 1 
1 1 1 0 1 0 1 0 1 0 1 1 0 1 0 
4
30041 0 13658 1 31066 2 25946 3 

30053
30053 30053
0 0 0 0 0 0 0 0 1 1 
1 1 1 0 1 0 1 0 1 1 0 0 1 0 1 
4
30037 0 13669 1 31077 2 25957 3 

30054
30054 30054
0 0 0 0 0 0 0 0 1 1 
1 1 1 0 1 0 1 0 1 1 0 0 1 1 0 
4
30053 0 13670 1 31078 2 25958 3 

30057
30057 30057
0 0 0 0 0 0 0 0 1 1 
1 1 1 0 1 0 1 0 1 1 0 1 0 0 1 
4
30053 0 13673 1 31081 2 25961 3 

30058
30058 30058
0 0 0 0 0 0 0 0 1 1 
1 1 1 0 1 0 1 0 1 1 0 1 0 1 0 
4
30057 0 13674 1 31082 2 25962 3 

30101
30101 30101
0 0 0 0 0 0 0 0 1 1 
1 1 1 0 1 0 1 1 0 0 1 0 1 0 1 
4
30037 0 13717 1 31125 2 26005 3 

30102
30102 30102
0 0 0 0 0 0 0 0 1 1 
1 1 1 0 1 0 1 1 0 0 1 0 1 1 0 
4
30101 0 13718 1 31126 2 26006 3 

30105
30105 30105
0 0 0 0 0 0 0 0 1 1 
1 1 1 0 1 0 1 1 0 0 1 1 0 0 1 
4
30101 0 13721 1 31129 2 26009 3 

30106
30106 30106
0 0 0 0 0 0 0 0 1 1 
1 1 1 0 1 0 1 1 0 0 1 1 0 1 0 
4
30105 0 13722 1 31130 2 26010 3 

30117
30117 30117
0 0 0 0 0 0 0 0 1 1 
1 1 1 0 1 0 1 1 0 1 0 0 1 0 1 
4
30053 0 13733 1 31141 2 26021 3 

30118
30118 30118
0 0 0 0 0 0 0 0 1 1 
1 1 1 0 1 0 1 1 0 1 0 0 1 1 0 
4
30117 0 13734 1 31142 2 26022 3 

30121
30121 30121
0 0 0 0 0 0 0 0 1 1 
1 1 1 0 1 0 1 1 0 1 0 1 0 0 1 
4
30117 0 13737 1 31145 2 26025 3 

30122
30122 30122
0 0 0 0 0 0 0 0 1 1 
1 1 1 0 1 0 1 1 0 1 0 1 0 1 0 
4
30121 0 13738 1 31146 2 26026 3 

30293
30293 30293
0 0 0 0 0 0 0 0 1 1 
1 1 1 0 1 1 0 0 1 0 1 0 1 0 1 
4
30037 0 13909 1 31317 2 26197 3 

30294
30294 30294
0 0 0 0 0 0 0 0 1 1 
1 1 1 0 1 1 0 0 1 0 1 0 1 1 0 
4
30293 0 13910 1 31318 2 26198 3 

30297
30297 30297
0 0 0 0 0 0 0 0 1 1 
1 1 1 0 1 1 0 0 1 0 1 1 0 0 1 
4
30293 0 13913 1 31321 2 26201 3 

30298
30298 30298
0 0 0 0 0 0 0 0 1 1 
1 1 1 0 1 1 0 0 1 0 1 1 0 1 0 
4
30297 0 13914 1 31322 2 26202 3 

30309
30309 30309
0 0 0 0 0 0 0 0 1 1 
1 1 1 0 1 1 0 0 1 1 0 0 1 0 1 
4
30053 0 13925 1 31333 2 26213 3 

30310
30310 30310
0 0 0 0 0 0 0 0 1 1 
1 1 1 0 1 1 0 0 1 1 0 0 1 1 0 
4
30309 0 13926 1 31334 2 26214 3 

30313
30313 30313
0 0 0 0 0 0 0 0 1 1 
1 1 1 0 1 1 0 0 1 1 0 1 0 0 1 
4
30309 0 13929 1 31337 2 26217 3 

30314
30314 30314
0 0 0 0 0 0 0 0 1 1 
1 1 1 0 1 1 0 0 1 1 0 1 0 1 0 
4
30313 0 13930 1 31338 2 26218 3 

30357
30357 30357
0 0 0 0 0 0 0 0 1 1 
1 1 1 0 1 1 0 1 0 0 1 0 1 0 1 
4
30293 0 13973 1 31381 2 26261 3 

30358
30358 30358
0 0 0 0 0 0 0 0 1 1 
1 1 1 0 1 1 0 1 0 0 1 0 1 1 0 
4
30357 0 13974 1 31382 2 26262 3 

30361
30361 30361
0 0 0 0 0 0 0 0 1 1 
1 1 1 0 1 1 0 1 0 0 1 1 0 0 1 
4
30357 0 13977 1 31385 2 26265 3 

30362
30362 30362
0 0 0 0 0 0 0 0 1 1 
1 1 1 0 1 1 0 1 0 0 1 1 0 1 0 
4
30361 0 13978 1 31386 2 26266 3 

30373
30373 30373
0 0 0 0 0 0 0 0 1 1 
1 1 1 0 1 1 0 1 0 1 0 0 1 0 1 
4
30309 0 13989 1 31397 2 26277 3 

30374
30374 30374
0 0 0 0 0 0 0 0 1 1 
1 1 1 0 1 1 0 1 0 1 0 0 1 1 0 
4
30373 0 13990 1 31398 2 26278 3 

30377
30377 30377
0 0 0 0 0 0 0 0 1 1 
1 1 1 0 1 1 0 1 0 1 0 1 0 0 1 
4
30373 0 13993 1 31401 2 26281 3 

30378
30378 30378
0 0 0 0 0 0 0 0 1 1 
1 1 1 0 1 1 0 1 0 1 0 1 0 1 0 
4
30377 0 13994 1 31402 2 26282 3 

30720
30720 0
1 0 0 0 0 0 1 1 1 1 
1 1 1 1 0 0 0 0 0 0 0 0 0 0 0 
3
30752 0 14336 1 26624 3 

30721
30721 0
1 0 0 0 0 0 1 1 1 1 
1 1 1 1 0 0 0 0 0 0 0 0 0 0 1 
4
30753 0 14337 1 30720 2 26625 3 

30725
30725 0
1 0 0 0 0 0 0 0 1 1 
1 1 1 1 0 0 0 0 0 0 0 0 1 0 1 
4
30757 0 14341 1 30721 2 26629 3 

30752
30752 0
1 0 0 0 0 0 0 0 1 1 
1 1 1 1 0 0 0 0 0 1 0 0 0 0 0 
3
31264 0 14368 1 26656 3 

30753
30753 0
1 0 0 0 0 0 0 0 1 1 
1 1 1 1 0 0 0 0 0 1 0 0 0 0 1 
4
31265 0 14369 1 30752 2 26657 3 

30757
30757 0
1 0 0 0 0 0 0 0 1 1 
1 1 1 1 0 0 0 0 0 1 0 0 1 0 1 
4
31269 0 14373 1 30753 2 26661 3 

30789
30789 30038
0 0 0 0 0 0 0 0 1 1 
1 1 1 1 0 0 0 0 1 0 0 0 1 0 1 
4
28741 0 14405 1 30725 2 26693 3 

30821
30821 30038
0 0 0 0 0 0 0 0 1 1 
1 1 1 1 0 0 0 0 1 1 0 0 1 0 1 
4
30789 0 14437 1 30757 2 26725 3 

31045
31045 30038
0 0 0 0 0 0 0 0 1 1 
1 1 1 1 0 0 1 0 1 0 0 0 1 0 1 
4
28997 0 14661 1 30789 2 26949 3 

31061
31061 30038
0 0 0 0 0 0 0 0 1 1 
1 1 1 1 0 0 1 0 1 0 1 0 1 0 1 
4
29013 0 14677 1 31045 2 26965 3 

31062
31062 30038
0 0 0 0 0 0 0 0 1 1 
1 1 1 1 0 0 1 0 1 0 1 0 1 1 0 
4
31061 0 14678 1 31078 2 26966 3 

31065
31065 30041
0 0 0 0 0 0 0 0 1 1 
1 1 1 1 0 0 1 0 1 0 1 1 0 0 1 
4
31061 0 14681 1 31081 2 26969 3 

31066
31066 30042
0 0 0 0 0 0 0 0 1 1 
1 1 1 1 0 0 1 0 1 0 1 1 0 1 0 
4
31065 0 14682 1 31082 2 26970 3 

31077
31077 30038
0 0 0 0 0 0 0 0 1 1 
1 1 1 1 0 0 1 0 1 1 0 0 1 0 1 
4
31045 0 14693 1 30821 2 26981 3 

31078
31078 30038
0 0 0 0 0 0 0 0 1 1 
1 1 1 1 0 0 1 0 1 1 0 0 1 1 0 
4
31077 0 14694 1 31334 2 26982 3 

31081
31081 30041
0 0 0 0 0 0 0 0 1 1 
1 1 1 1 0 0 1 0 1 1 0 1 0 0 1 
4
31077 0 14697 1 31337 2 26985 3 

31082
31082 30042
0 0 0 0 0 0 0 0 1 1 
1 1 1 1 0 0 1 0 1 1 0 1 0 1 0 
4
31081 0 14698 1 31338 2 26986 3 

31125
31125 30101
0 0 0 0 0 0 0 0 1 1 
1 1 1 1 0 0 1 1 0 0 1 0 1 0 1 
4
31061 0 14741 1 31141 2 27029 3 

31126
31126 30102
0 0 0 0 0 0 0 0 1 1 
1 1 1 1 0 0 1 1 0 0 1 0 1 1 0 
4
31125 0 14742 1 31142 2 27030 3 

31129
31129 30105
0 0 0 0 0 0 0 0 1 1 
1 1 1 1 0 0 1 1 0 0 1 1 0 0 1 
4
31125 0 14745 1 31145 2 27033 3 

31130
31130 30106
0 0 0 0 0 0 0 0 1 1 
1 1 1 1 0 0 1 1 0 0 1 1 0 1 0 
4
31129 0 14746 1 31146 2 27034 3 

31141
31141 30101
0 0 0 0 0 0 0 0 1 1 
1 1 1 1 0 0 1 1 0 1 0 0 1 0 1 
4
31077 0 14757 1 31397 2 27045 3 

31142
31142 30102
0 0 0 0 0 0 0 0 1 1 
1 1 1 1 0 0 1 1 0 1 0 0 1 1 0 
4
31141 0 14758 1 31398 2 27046 3 

31145
31145 30105
0 0 0 0 0 0 0 0 1 1 
1 1 1 1 0 0 1 1 0 1 0 1 0 0 1 
4
31141 0 14761 1 31401 2 27049 3 

31146
31146 30106
0 0 0 0 0 0 0 0 1 1 
1 1 1 1 0 0 1 1 0 1 0 1 0 1 0 
4
31145 0 14762 1 31402 2 27050 3 

31264
31264 0
1 0 0 0 0 0 0 0 1 1 
1 1 1 1 0 1 0 0 0 1 0 0 0 0 0 
3
31392 0 14880 1 27168 3 

31265
31393 0
1 0 0 0 0 0 0 0 1 1 
1 1 1 1 0 1 0 0 0 1 0 0 0 0 1 
4
31393 0 14881 1 31264 2 27169 3 

31269
31269 0
1 0 0 0 0 0 0 0 1 1 
1 1 1 1 0 1 0 0 0 1 0 0 1 0 1 
4
31397 0 14885 1 31265 2 27173 3 

31317
31317 30293
0 0 0 0 0 0 0 0 1 1 
1 1 1 1 0 1 0 0 1 0 1 0 1 0 1 
4
31061 0 14933 1 31333 2 27221 3 

31318
31318 30294
0 0 0 0 0 0 0 0 1 1 
1 1 1 1 0 1 0 0 1 0 1 0 1 1 0 
4
31317 0 14934 1 31334 2 27222 3 

31321
31321 30297
0 0 0 0 0 0 0 0 1 1 
1 1 1 1 0 1 0 0 1 0 1 1 0 0 1 
4
31317 0 14937 1 31337 2 27225 3 

31322
31322 30298
0 0 0 0 0 0 0 0 1 1 
1 1 1 1 0 1 0 0 1 0 1 1 0 1 0 
4
31321 0 14938 1 31338 2 27226 3 

31333
31333 30038
0 0 0 0 0 0 0 0 1 1 
1 1 1 1 0 1 0 0 1 1 0 0 1 0 1 
4
30821 0 14949 1 31269 2 27237 3 

31334
31334 30038
0 0 0 0 0 0 0 0 1 1 
1 1 1 1 0 1 0 0 1 1 0 0 1 1 0 
4
31333 0 14950 1 31398 2 27238 3 

31337
31337 30041
0 0 0 0 0 0 0 0 1 1 
1 1 1 1 0 1 0 0 1 1 0 1 0 0 1 
4
31333 0 14953 1 31401 2 27241 3 

31338
31338 30042
0 0 0 0 0 0 0 0 1 1 
1 1 1 1 0 1 0 0 1 1 0 1 0 1 0 
4
31337 0 14954 1 31402 2 27242 3 

31381
31381 30357
0 0 0 0 0 0 0 0 1 1 
1 1 1 1 0 1 0 1 0 0 1 0 1 0 1 
4
31317 0 14997 1 31397 2 27285 3 

31382
31382 30358
0 0 0 0 0 0 0 0 1 1 
1 1 1 1 0 1 0 1 0 0 1 0 1 1 0 
4
31381 0 14998 1 31398 2 27286 3 

31385
31385 30361
0 0 0 0 0 0 0 0 1 1 
1 1 1 1 0 1 0 1 0 0 1 1 0 0 1 
4
31381 0 15001 1 31401 2 27289 3 

31386
31386 30362
0 0 0 0 0 0 0 0 1 1 
1 1 1 1 0 1 0 1 0 0 1 1 0 1 0 
4
31385 0 15002 1 31402 2 27290 3 

31392
31264 0
0 0 0 0 0 0 0 0 1 1 
1 1 1 1 0 1 0 1 0 1 0 0 0 0 0 
3
31264 0 15008 1 27296 3 

31393
31393 0
0 0 0 0 0 0 0 0 1 1 
1 1 1 1 0 1 0 1 0 1 0 0 0 0 1 
4
31265 0 15009 1 31392 2 27297 3 

31397
31269 0
0 0 0 0 0 0 0 0 1 1 
1 1 1 1 0 1 0 1 0 1 0 0 1 0 1 
4
31269 0 15013 1 31393 2 27301 3 

31398
31398 30038
0 0 0 0 0 0 0 0 1 1 
1 1 1 1 0 1 0 1 0 1 0 0 1 1 0 
4
31397 0 15014 1 31402 2 27302 3 

31400
31400 30038
0 0 0 0 0 0 0 0 1 1 
1 1 1 1 0 1 0 1 0 1 0 1 0 0 0 
3
31392 0 15016 1 27304 3 

31401
31401 30041
0 0 0 0 0 0 0 0 1 1 
1 1 1 1 0 1 0 1 0 1 0 1 0 0 1 
4
31393 0 15017 1 31400 2 27305 3 

31402
31402 30038
0 0 0 0 0 0 0 0 1 1 
1 1 1 1 0 1 0 1 0 1 0 1 0 1 0 
3
31400 0 15018 1 27306 3 

