48
9 9 11 11 3 3 13 13 5 5 7 7 1 1 0 0 -1 -1 -1 -1 -1 -1 -1 -1 8 8 6 6 14 14 12 12 4 4 10 10 2 2 -1 -1 -1 -1 -1 -1 -1 -1 -1 -1 

10
cI cII cro Q O P cIII xis int Struc 
3 6
bcII_1{cII} bcII_2{cII} bQ{Q} bOR1{cI,cro} bOR2{cI,cro} bOR3{cI,cro} bOL1{cI,cro} bOL2{cI,cro} bOL3{cI,cro} 
1 1 3 0 2 0 2 0 2 0 2 0 2 0 2 

7 4 4 4 4 4 4 4 1 1 

7 8 3 4 5 6 0 
3 4 5 6 
3 4 5 6 
3 4 5 6 
3 4 5 6 
3 4 5 6 
9 10 11 12 
9 10 11 12 
1 
2 

0 1 1 1 1 1 1 1 1 1 1 1 1 1 1 1 1 1 1 1 1 1 1 1 1 1 1 1 1 1 1 1 0 0 0 0 0 0 0 0 0 0 0 0 0 0 0 0 0 0 0 0 0 0 0 0 0 0 0 0 0 0 0 0 0 0 0 0 0 0 0 0 0 0 0 0 0 0 0 0 0 0 0 0 0 0 0 0 0 0 0 0 0 0 0 0 0 0 0 0 0 0 0 0 0 0 0 0 0 0 0 0 0 0 0 0 0 0 0 0 0 0 0 0 0 0 0 0 
1 0 0 0 0 0 0 0 0 0 0 0 0 0 0 0 
1 0 0 0 0 0 0 0 0 0 0 0 0 0 0 0 
1 0 0 0 0 0 0 0 0 0 0 0 0 0 0 0 
1 0 0 0 0 0 0 0 0 0 0 0 0 0 0 0 
1 0 0 0 0 0 0 0 0 0 0 0 0 0 0 0 
1 0 0 0 0 0 0 0 0 0 0 0 0 0 0 0 
1 0 0 0 0 0 0 0 0 0 0 0 0 0 0 0 
0 1 
0 1 


70 510 32768
9
2602 2 1 6698 2 0 10922 2 0 15018 2 0 24640 12 1 24672 12 0 24680 12 0 27178 2 0 31274 2 0 
2602 2730 
6698 6826 
10794 10922 
14890 15018 
64 320 4160 4416 8256 8512 12352 12608 24640 24896 28736 28992 
96 352 4192 4448 8288 8544 12384 12640 24672 24928 28768 29024 
104 360 4200 4456 8296 8552 12392 12648 24680 24936 28776 29032 
27178 27306 
31274 31402 

0
0 0
0 1 1 1 1 1 1 1 0 0 
0 0 0 0 0 0 0 0 0 0 0 0 0 0 0 
3
8192 1 64 2 4096 3 

32
32 32
0 1 1 1 1 1 0 0 0 0 
0 0 0 0 0 0 0 0 0 1 0 0 0 0 0 
4
0 0 8224 1 96 2 4128 3 

40
40 40
0 1 1 1 1 1 0 0 0 0 
0 0 0 0 0 0 0 0 0 1 0 1 0 0 0 
4
32 0 8232 1 104 2 4136 3 

64
24640 0
0 1 1 1 1 1 1 1 0 0 
0 0 0 0 0 0 0 0 1 0 0 0 0 0 0 
3
8256 1 320 2 4160 3 

96
24672 0
0 1 1 1 1 1 0 0 0 0 
0 0 0 0 0 0 0 0 1 1 0 0 0 0 0 
4
64 0 8288 1 352 2 4192 3 

104
24680 0
0 1 1 1 1 1 0 0 0 0 
0 0 0 0 0 0 0 0 1 1 0 1 0 0 0 
4
96 0 8296 1 360 2 4200 3 

320
24640 0
0 0 0 0 0 0 1 1 0 0 
0 0 0 0 0 0 1 0 1 0 0 0 0 0 0 
1
64 2 

321
321 321
0 0 0 0 0 0 1 1 0 0 
0 0 0 0 0 0 1 0 1 0 0 0 0 0 1 
1
320 2 

325
325 325
0 0 0 0 0 0 0 0 0 0 
0 0 0 0 0 0 1 0 1 0 0 0 1 0 1 
1
321 2 

352
24672 0
0 0 0 0 0 0 0 0 0 0 
0 0 0 0 0 0 1 0 1 1 0 0 0 0 0 
2
320 0 96 2 

353
353 353
0 0 0 0 0 0 0 0 0 0 
0 0 0 0 0 0 1 0 1 1 0 0 0 0 1 
2
321 0 352 2 

357
357 357
0 0 0 0 0 0 0 0 0 0 
0 0 0 0 0 0 1 0 1 1 0 0 1 0 1 
2
325 0 353 2 

360
24680 0
0 0 0 0 0 0 0 0 0 0 
0 0 0 0 0 0 1 0 1 1 0 1 0 0 0 
2
352 0 104 2 

361
361 361
0 0 0 0 0 0 0 0 0 0 
0 0 0 0 0 0 1 0 1 1 0 1 0 0 1 
2
353 0 360 2 

1349
1349 1349
0 0 0 0 0 0 0 0 0 0 
0 0 0 0 1 0 1 0 1 0 0 0 1 0 1 
1
325 2 

1365
1365 1365
0 0 0 0 0 0 0 0 0 0 
0 0 0 0 1 0 1 0 1 0 1 0 1 0 1 
1
1349 2 

1366
1366 1366
0 0 0 0 0 0 0 0 0 0 
0 0 0 0 1 0 1 0 1 0 1 0 1 1 0 
2
1365 0 1382 2 

1369
1369 1369
0 0 0 0 0 0 0 0 0 0 
0 0 0 0 1 0 1 0 1 0 1 1 0 0 1 
2
1365 0 1385 2 

1370
1370 1370
0 0 0 0 0 0 0 0 0 0 
0 0 0 0 1 0 1 0 1 0 1 1 0 1 0 
2
1369 0 1386 2 

1381
1381 1366
0 0 0 0 0 0 0 0 0 0 
0 0 0 0 1 0 1 0 1 1 0 0 1 0 1 
2
1349 0 357 2 

1382
1382 1366
0 0 0 0 0 0 0 0 0 0 
0 0 0 0 1 0 1 0 1 1 0 0 1 1 0 
2
1381 0 2406 2 

1385
1385 1369
0 0 0 0 0 0 0 0 0 0 
0 0 0 0 1 0 1 0 1 1 0 1 0 0 1 
2
1381 0 361 2 

1386
1386 1370
0 0 0 0 0 0 0 0 0 0 
0 0 0 0 1 0 1 0 1 1 0 1 0 1 0 
2
1385 0 2410 2 

1429
1429 1429
0 0 0 0 0 0 0 0 0 0 
0 0 0 0 1 0 1 1 0 0 1 0 1 0 1 
2
1365 0 1445 2 

1430
1430 1430
0 0 0 0 0 0 0 0 0 0 
0 0 0 0 1 0 1 1 0 0 1 0 1 1 0 
2
1366 0 1446 2 

1433
1433 1433
0 0 0 0 0 0 0 0 0 0 
0 0 0 0 1 0 1 1 0 0 1 1 0 0 1 
2
1369 0 1449 2 

1434
1434 1434
0 0 0 0 0 0 0 0 0 0 
0 0 0 0 1 0 1 1 0 0 1 1 0 1 0 
2
1370 0 1450 2 

1445
1445 1429
0 0 0 0 0 0 0 0 0 0 
0 0 0 0 1 0 1 1 0 1 0 0 1 0 1 
2
1381 0 2469 2 

1446
1446 1430
0 0 0 0 0 0 0 0 0 0 
0 0 0 0 1 0 1 1 0 1 0 0 1 1 0 
2
1382 0 2470 2 

1449
1449 1433
0 0 0 0 0 0 0 0 0 0 
0 0 0 0 1 0 1 1 0 1 0 1 0 0 1 
2
1385 0 2473 2 

1450
1450 1434
0 0 0 0 0 0 0 0 0 0 
0 0 0 0 1 0 1 1 0 1 0 1 0 1 0 
2
1386 0 2474 2 

1621
1621 1621
0 0 0 0 0 0 0 0 0 0 
0 0 0 0 1 1 0 0 1 0 1 0 1 0 1 
2
1365 0 1637 2 

1622
1622 1622
0 0 0 0 0 0 0 0 0 0 
0 0 0 0 1 1 0 0 1 0 1 0 1 1 0 
2
1366 0 1638 2 

1625
1625 1625
0 0 0 0 0 0 0 0 0 0 
0 0 0 0 1 1 0 0 1 0 1 1 0 0 1 
2
1369 0 1641 2 

1626
1626 1626
0 0 0 0 0 0 0 0 0 0 
0 0 0 0 1 1 0 0 1 0 1 1 0 1 0 
2
1370 0 1642 2 

1637
1637 1621
0 0 0 0 0 0 0 0 0 0 
0 0 0 0 1 1 0 0 1 1 0 0 1 0 1 
2
1381 0 2661 2 

1638
1638 1622
0 0 0 0 0 0 0 0 0 0 
0 0 0 0 1 1 0 0 1 1 0 0 1 1 0 
2
1382 0 2662 2 

1641
1641 1625
0 0 0 0 0 0 0 0 0 0 
0 0 0 0 1 1 0 0 1 1 0 1 0 0 1 
2
1385 0 2665 2 

1642
1642 1626
0 0 0 0 0 0 0 0 0 0 
0 0 0 0 1 1 0 0 1 1 0 1 0 1 0 
2
1386 0 2666 2 

1685
1685 1685
0 0 0 0 0 0 0 0 0 0 
0 0 0 0 1 1 0 1 0 0 1 0 1 0 1 
2
1621 0 1701 2 

1686
1686 1686
0 0 0 0 0 0 0 0 0 0 
0 0 0 0 1 1 0 1 0 0 1 0 1 1 0 
2
1622 0 1702 2 

1689
1689 1689
0 0 0 0 0 0 0 0 0 0 
0 0 0 0 1 1 0 1 0 0 1 1 0 0 1 
2
1625 0 1705 2 

1690
1690 1690
0 0 0 0 0 0 0 0 0 0 
0 0 0 0 1 1 0 1 0 0 1 1 0 1 0 
2
1626 0 1706 2 

1701
1701 1685
0 0 0 0 0 0 0 0 0 0 
0 0 0 0 1 1 0 1 0 1 0 0 1 0 1 
2
1637 0 2725 2 

1702
1702 1686
0 0 0 0 0 0 0 0 0 0 
0 0 0 0 1 1 0 1 0 1 0 0 1 1 0 
2
1638 0 2726 2 

1705
1705 1689
0 0 0 0 0 0 0 0 0 0 
0 0 0 0 1 1 0 1 0 1 0 1 0 0 1 
2
1641 0 2729 2 

1706
1706 1690
0 0 0 0 0 0 0 0 0 0 
0 0 0 0 1 1 0 1 0 1 0 1 0 1 0 
2
1642 0 2730 2 

2088
2088 0
1 0 0 0 0 0 0 0 0 0 
0 0 0 1 0 0 0 0 0 1 0 1 0 0 0 
1
2090 0 

2090
2090 0
1 0 0 0 0 0 0 0 0 0 
0 0 0 1 0 0 0 0 0 1 0 1 0 1 0 
1
2602 0 

2152
2152 1366
0 0 0 0 0 0 0 0 0 0 
0 0 0 1 0 0 0 0 1 1 0 1 0 0 0 
2
104 0 2088 2 

2154
2154 1366
0 0 0 0 0 0 0 0 0 0 
0 0 0 1 0 0 0 0 1 1 0 1 0 1 0 
2
2152 0 2090 2 

2389
2389 2389
0 0 0 0 0 0 0 0 0 0 
0 0 0 1 0 0 1 0 1 0 1 0 1 0 1 
2
1365 0 2405 2 

2390
2390 2390
0 0 0 0 0 0 0 0 0 0 
0 0 0 1 0 0 1 0 1 0 1 0 1 1 0 
2
2389 0 2406 2 

2393
2393 2393
0 0 0 0 0 0 0 0 0 0 
0 0 0 1 0 0 1 0 1 0 1 1 0 0 1 
2
1369 0 2409 2 

2394
2394 2394
0 0 0 0 0 0 0 0 0 0 
0 0 0 1 0 0 1 0 1 0 1 1 0 1 0 
2
2393 0 2410 2 

2405
2405 1366
0 0 0 0 0 0 0 0 0 0 
0 0 0 1 0 0 1 0 1 1 0 0 1 0 1 
2
357 0 2409 2 

2406
2406 1366
0 0 0 0 0 0 0 0 0 0 
0 0 0 1 0 0 1 0 1 1 0 0 1 1 0 
2
2405 0 2410 2 

2408
2408 1366
0 0 0 0 0 0 0 0 0 0 
0 0 0 1 0 0 1 0 1 1 0 1 0 0 0 
2
360 0 2152 2 

2409
2409 1366
0 0 0 0 0 0 0 0 0 0 
0 0 0 1 0 0 1 0 1 1 0 1 0 0 1 
2
361 0 2408 2 

2410
2410 1366
0 0 0 0 0 0 0 0 0 0 
0 0 0 1 0 0 1 0 1 1 0 1 0 1 0 
2
2408 0 2154 2 

2453
2453 2453
0 0 0 0 0 0 0 0 0 0 
0 0 0 1 0 0 1 1 0 0 1 0 1 0 1 
2
2389 0 2469 2 

2454
2454 2454
0 0 0 0 0 0 0 0 0 0 
0 0 0 1 0 0 1 1 0 0 1 0 1 1 0 
2
2390 0 2470 2 

2457
2457 2457
0 0 0 0 0 0 0 0 0 0 
0 0 0 1 0 0 1 1 0 0 1 1 0 0 1 
2
2393 0 2473 2 

2458
2458 2458
0 0 0 0 0 0 0 0 0 0 
0 0 0 1 0 0 1 1 0 0 1 1 0 1 0 
2
2394 0 2474 2 

2469
2469 1429
0 0 0 0 0 0 0 0 0 0 
0 0 0 1 0 0 1 1 0 1 0 0 1 0 1 
2
2405 0 2473 2 

2470
2470 1430
0 0 0 0 0 0 0 0 0 0 
0 0 0 1 0 0 1 1 0 1 0 0 1 1 0 
2
2406 0 2474 2 

2473
2473 1429
0 0 0 0 0 0 0 0 0 0 
0 0 0 1 0 0 1 1 0 1 0 1 0 0 1 
2
2409 0 2474 2 

2474
2474 1429
0 0 0 0 0 0 0 0 0 0 
0 0 0 1 0 0 1 1 0 1 0 1 0 1 0 
2
2410 0 2730 2 

2602
2602 0
1 0 0 0 0 0 0 0 0 0 
0 0 0 1 0 1 0 0 0 1 0 1 0 1 0 
1
2730 0 

2645
2645 2645
0 0 0 0 0 0 0 0 0 0 
0 0 0 1 0 1 0 0 1 0 1 0 1 0 1 
2
2389 0 2661 2 

2646
2646 2646
0 0 0 0 0 0 0 0 0 0 
0 0 0 1 0 1 0 0 1 0 1 0 1 1 0 
2
2390 0 2662 2 

2649
2649 2649
0 0 0 0 0 0 0 0 0 0 
0 0 0 1 0 1 0 0 1 0 1 1 0 0 1 
2
2393 0 2665 2 

2650
2650 2650
0 0 0 0 0 0 0 0 0 0 
0 0 0 1 0 1 0 0 1 0 1 1 0 1 0 
2
2394 0 2666 2 

2661
2661 1621
0 0 0 0 0 0 0 0 0 0 
0 0 0 1 0 1 0 0 1 1 0 0 1 0 1 
2
2405 0 2665 2 

2662
2662 1622
0 0 0 0 0 0 0 0 0 0 
0 0 0 1 0 1 0 0 1 1 0 0 1 1 0 
2
2406 0 2666 2 

2665
2665 1621
0 0 0 0 0 0 0 0 0 0 
0 0 0 1 0 1 0 0 1 1 0 1 0 0 1 
2
2409 0 2666 2 

2666
2666 1621
0 0 0 0 0 0 0 0 0 0 
0 0 0 1 0 1 0 0 1 1 0 1 0 1 0 
2
2154 0 2602 2 

2709
2709 2709
0 0 0 0 0 0 0 0 0 0 
0 0 0 1 0 1 0 1 0 0 1 0 1 0 1 
2
2645 0 2725 2 

2710
2710 2710
0 0 0 0 0 0 0 0 0 0 
0 0 0 1 0 1 0 1 0 0 1 0 1 1 0 
2
2646 0 2726 2 

2713
2713 2713
0 0 0 0 0 0 0 0 0 0 
0 0 0 1 0 1 0 1 0 0 1 1 0 0 1 
2
2649 0 2729 2 

2714
2714 2714
0 0 0 0 0 0 0 0 0 0 
0 0 0 1 0 1 0 1 0 0 1 1 0 1 0 
2
2650 0 2730 2 

2725
2725 1685
0 0 0 0 0 0 0 0 0 0 
0 0 0 1 0 1 0 1 0 1 0 0 1 0 1 
2
2661 0 2729 2 

2726
2726 1686
0 0 0 0 0 0 0 0 0 0 
0 0 0 1 0 1 0 1 0 1 0 0 1 1 0 
2
2662 0 2730 2 

2729
2729 1685
0 0 0 0 0 0 0 0 0 0 
0 0 0 1 0 1 0 1 0 1 0 1 0 0 1 
2
2665 0 2730 2 

2730
2602 0
0 0 0 0 0 0 0 0 0 0 
0 0 0 1 0 1 0 1 0 1 0 1 0 1 0 
1
2602 0 

4096
4096 0
0 1 1 1 1 1 1 1 0 1 
0 0 1 0 0 0 0 0 0 0 0 0 0 0 0 
2
12288 1 4160 2 

4128
4128 32
0 1 1 1 1 1 0 0 0 1 
0 0 1 0 0 0 0 0 0 1 0 0 0 0 0 
3
4096 0 12320 1 4192 2 

4136
4136 40
0 1 1 1 1 1 0 0 0 1 
0 0 1 0 0 0 0 0 0 1 0 1 0 0 0 
3
4128 0 12328 1 4200 2 

4160
24640 0
0 1 1 1 1 1 1 1 0 1 
0 0 1 0 0 0 0 0 1 0 0 0 0 0 0 
2
12352 1 4416 2 

4192
24672 0
0 1 1 1 1 1 0 0 0 1 
0 0 1 0 0 0 0 0 1 1 0 0 0 0 0 
3
4160 0 12384 1 4448 2 

4200
24680 0
0 1 1 1 1 1 0 0 0 1 
0 0 1 0 0 0 0 0 1 1 0 1 0 0 0 
3
4192 0 12392 1 4456 2 

4416
24640 0
0 0 0 0 0 0 1 1 0 1 
0 0 1 0 0 0 1 0 1 0 0 0 0 0 0 
2
4160 2 320 3 

4417
4417 4417
0 0 0 0 0 0 1 1 0 1 
0 0 1 0 0 0 1 0 1 0 0 0 0 0 1 
2
4416 2 321 3 

4421
4421 4421
0 0 0 0 0 0 0 0 0 1 
0 0 1 0 0 0 1 0 1 0 0 0 1 0 1 
2
4417 2 325 3 

4448
24672 0
0 0 0 0 0 0 0 0 0 1 
0 0 1 0 0 0 1 0 1 1 0 0 0 0 0 
3
4416 0 4192 2 352 3 

4449
4449 4449
0 0 0 0 0 0 0 0 0 1 
0 0 1 0 0 0 1 0 1 1 0 0 0 0 1 
3
4417 0 4448 2 353 3 

4453
4453 4453
0 0 0 0 0 0 0 0 0 1 
0 0 1 0 0 0 1 0 1 1 0 0 1 0 1 
3
4421 0 4449 2 357 3 

4456
24680 0
0 0 0 0 0 0 0 0 0 1 
0 0 1 0 0 0 1 0 1 1 0 1 0 0 0 
3
4448 0 4200 2 360 3 

4457
4457 4457
0 0 0 0 0 0 0 0 0 1 
0 0 1 0 0 0 1 0 1 1 0 1 0 0 1 
3
4449 0 4456 2 361 3 

5445
5445 5445
0 0 0 0 0 0 0 0 0 1 
0 0 1 0 1 0 1 0 1 0 0 0 1 0 1 
2
4421 2 1349 3 

5461
5461 5461
0 0 0 0 0 0 0 0 0 1 
0 0 1 0 1 0 1 0 1 0 1 0 1 0 1 
2
5445 2 1365 3 

5462
5462 5462
0 0 0 0 0 0 0 0 0 1 
0 0 1 0 1 0 1 0 1 0 1 0 1 1 0 
3
5461 0 5478 2 1366 3 

5465
5465 5465
0 0 0 0 0 0 0 0 0 1 
0 0 1 0 1 0 1 0 1 0 1 1 0 0 1 
3
5461 0 5481 2 1369 3 

5466
5466 5466
0 0 0 0 0 0 0 0 0 1 
0 0 1 0 1 0 1 0 1 0 1 1 0 1 0 
3
5465 0 5482 2 1370 3 

5477
5477 5462
0 0 0 0 0 0 0 0 0 1 
0 0 1 0 1 0 1 0 1 1 0 0 1 0 1 
3
5445 0 4453 2 1381 3 

5478
5478 5462
0 0 0 0 0 0 0 0 0 1 
0 0 1 0 1 0 1 0 1 1 0 0 1 1 0 
3
5477 0 6502 2 1382 3 

5481
5481 5465
0 0 0 0 0 0 0 0 0 1 
0 0 1 0 1 0 1 0 1 1 0 1 0 0 1 
3
5477 0 4457 2 1385 3 

5482
5482 5466
0 0 0 0 0 0 0 0 0 1 
0 0 1 0 1 0 1 0 1 1 0 1 0 1 0 
3
5481 0 6506 2 1386 3 

5525
5525 5525
0 0 0 0 0 0 0 0 0 1 
0 0 1 0 1 0 1 1 0 0 1 0 1 0 1 
3
5461 0 5541 2 1429 3 

5526
5526 5526
0 0 0 0 0 0 0 0 0 1 
0 0 1 0 1 0 1 1 0 0 1 0 1 1 0 
3
5462 0 5542 2 1430 3 

5529
5529 5529
0 0 0 0 0 0 0 0 0 1 
0 0 1 0 1 0 1 1 0 0 1 1 0 0 1 
3
5465 0 5545 2 1433 3 

5530
5530 5530
0 0 0 0 0 0 0 0 0 1 
0 0 1 0 1 0 1 1 0 0 1 1 0 1 0 
3
5466 0 5546 2 1434 3 

5541
5541 5525
0 0 0 0 0 0 0 0 0 1 
0 0 1 0 1 0 1 1 0 1 0 0 1 0 1 
3
5477 0 6565 2 1445 3 

5542
5542 5526
0 0 0 0 0 0 0 0 0 1 
0 0 1 0 1 0 1 1 0 1 0 0 1 1 0 
3
5478 0 6566 2 1446 3 

5545
5545 5529
0 0 0 0 0 0 0 0 0 1 
0 0 1 0 1 0 1 1 0 1 0 1 0 0 1 
3
5481 0 6569 2 1449 3 

5546
5546 5530
0 0 0 0 0 0 0 0 0 1 
0 0 1 0 1 0 1 1 0 1 0 1 0 1 0 
3
5482 0 6570 2 1450 3 

5717
5717 5717
0 0 0 0 0 0 0 0 0 1 
0 0 1 0 1 1 0 0 1 0 1 0 1 0 1 
3
5461 0 5733 2 1621 3 

5718
5718 5718
0 0 0 0 0 0 0 0 0 1 
0 0 1 0 1 1 0 0 1 0 1 0 1 1 0 
3
5462 0 5734 2 1622 3 

5721
5721 5721
0 0 0 0 0 0 0 0 0 1 
0 0 1 0 1 1 0 0 1 0 1 1 0 0 1 
3
5465 0 5737 2 1625 3 

5722
5722 5722
0 0 0 0 0 0 0 0 0 1 
0 0 1 0 1 1 0 0 1 0 1 1 0 1 0 
3
5466 0 5738 2 1626 3 

5733
5733 5717
0 0 0 0 0 0 0 0 0 1 
0 0 1 0 1 1 0 0 1 1 0 0 1 0 1 
3
5477 0 6757 2 1637 3 

5734
5734 5718
0 0 0 0 0 0 0 0 0 1 
0 0 1 0 1 1 0 0 1 1 0 0 1 1 0 
3
5478 0 6758 2 1638 3 

5737
5737 5721
0 0 0 0 0 0 0 0 0 1 
0 0 1 0 1 1 0 0 1 1 0 1 0 0 1 
3
5481 0 6761 2 1641 3 

5738
5738 5722
0 0 0 0 0 0 0 0 0 1 
0 0 1 0 1 1 0 0 1 1 0 1 0 1 0 
3
5482 0 6762 2 1642 3 

5781
5781 5781
0 0 0 0 0 0 0 0 0 1 
0 0 1 0 1 1 0 1 0 0 1 0 1 0 1 
3
5717 0 5797 2 1685 3 

5782
5782 5782
0 0 0 0 0 0 0 0 0 1 
0 0 1 0 1 1 0 1 0 0 1 0 1 1 0 
3
5718 0 5798 2 1686 3 

5785
5785 5785
0 0 0 0 0 0 0 0 0 1 
0 0 1 0 1 1 0 1 0 0 1 1 0 0 1 
3
5721 0 5801 2 1689 3 

5786
5786 5786
0 0 0 0 0 0 0 0 0 1 
0 0 1 0 1 1 0 1 0 0 1 1 0 1 0 
3
5722 0 5802 2 1690 3 

5797
5797 5781
0 0 0 0 0 0 0 0 0 1 
0 0 1 0 1 1 0 1 0 1 0 0 1 0 1 
3
5733 0 6821 2 1701 3 

5798
5798 5782
0 0 0 0 0 0 0 0 0 1 
0 0 1 0 1 1 0 1 0 1 0 0 1 1 0 
3
5734 0 6822 2 1702 3 

5801
5801 5785
0 0 0 0 0 0 0 0 0 1 
0 0 1 0 1 1 0 1 0 1 0 1 0 0 1 
3
5737 0 6825 2 1705 3 

5802
5802 5786
0 0 0 0 0 0 0 0 0 1 
0 0 1 0 1 1 0 1 0 1 0 1 0 1 0 
3
5738 0 6826 2 1706 3 

6184
6184 0
1 0 0 0 0 0 0 0 0 1 
0 0 1 1 0 0 0 0 0 1 0 1 0 0 0 
2
6186 0 2088 3 

6186
6186 0
1 0 0 0 0 0 0 0 0 1 
0 0 1 1 0 0 0 0 0 1 0 1 0 1 0 
2
6698 0 2090 3 

6248
6248 5462
0 0 0 0 0 0 0 0 0 1 
0 0 1 1 0 0 0 0 1 1 0 1 0 0 0 
3
4200 0 6184 2 2152 3 

6250
6250 5462
0 0 0 0 0 0 0 0 0 1 
0 0 1 1 0 0 0 0 1 1 0 1 0 1 0 
3
6248 0 6186 2 2154 3 

6485
6485 6485
0 0 0 0 0 0 0 0 0 1 
0 0 1 1 0 0 1 0 1 0 1 0 1 0 1 
3
5461 0 6501 2 2389 3 

6486
6486 6486
0 0 0 0 0 0 0 0 0 1 
0 0 1 1 0 0 1 0 1 0 1 0 1 1 0 
3
6485 0 6502 2 2390 3 

6489
6489 6489
0 0 0 0 0 0 0 0 0 1 
0 0 1 1 0 0 1 0 1 0 1 1 0 0 1 
3
5465 0 6505 2 2393 3 

6490
6490 6490
0 0 0 0 0 0 0 0 0 1 
0 0 1 1 0 0 1 0 1 0 1 1 0 1 0 
3
6489 0 6506 2 2394 3 

6501
6501 5462
0 0 0 0 0 0 0 0 0 1 
0 0 1 1 0 0 1 0 1 1 0 0 1 0 1 
3
4453 0 6505 2 2405 3 

6502
6502 5462
0 0 0 0 0 0 0 0 0 1 
0 0 1 1 0 0 1 0 1 1 0 0 1 1 0 
3
6501 0 6506 2 2406 3 

6504
6504 5462
0 0 0 0 0 0 0 0 0 1 
0 0 1 1 0 0 1 0 1 1 0 1 0 0 0 
3
4456 0 6248 2 2408 3 

6505
6505 5462
0 0 0 0 0 0 0 0 0 1 
0 0 1 1 0 0 1 0 1 1 0 1 0 0 1 
3
4457 0 6504 2 2409 3 

6506
6506 5462
0 0 0 0 0 0 0 0 0 1 
0 0 1 1 0 0 1 0 1 1 0 1 0 1 0 
3
6504 0 6250 2 2410 3 

6549
6549 6549
0 0 0 0 0 0 0 0 0 1 
0 0 1 1 0 0 1 1 0 0 1 0 1 0 1 
3
6485 0 6565 2 2453 3 

6550
6550 6550
0 0 0 0 0 0 0 0 0 1 
0 0 1 1 0 0 1 1 0 0 1 0 1 1 0 
3
6486 0 6566 2 2454 3 

6553
6553 6553
0 0 0 0 0 0 0 0 0 1 
0 0 1 1 0 0 1 1 0 0 1 1 0 0 1 
3
6489 0 6569 2 2457 3 

6554
6554 6554
0 0 0 0 0 0 0 0 0 1 
0 0 1 1 0 0 1 1 0 0 1 1 0 1 0 
3
6490 0 6570 2 2458 3 

6565
6565 5525
0 0 0 0 0 0 0 0 0 1 
0 0 1 1 0 0 1 1 0 1 0 0 1 0 1 
3
6501 0 6569 2 2469 3 

6566
6566 5526
0 0 0 0 0 0 0 0 0 1 
0 0 1 1 0 0 1 1 0 1 0 0 1 1 0 
3
6502 0 6570 2 2470 3 

6569
6569 5525
0 0 0 0 0 0 0 0 0 1 
0 0 1 1 0 0 1 1 0 1 0 1 0 0 1 
3
6505 0 6570 2 2473 3 

6570
6570 5525
0 0 0 0 0 0 0 0 0 1 
0 0 1 1 0 0 1 1 0 1 0 1 0 1 0 
3
6506 0 6826 2 2474 3 

6698
6698 0
1 0 0 0 0 0 0 0 0 1 
0 0 1 1 0 1 0 0 0 1 0 1 0 1 0 
2
6826 0 2602 3 

6741
6741 6741
0 0 0 0 0 0 0 0 0 1 
0 0 1 1 0 1 0 0 1 0 1 0 1 0 1 
3
6485 0 6757 2 2645 3 

6742
6742 6742
0 0 0 0 0 0 0 0 0 1 
0 0 1 1 0 1 0 0 1 0 1 0 1 1 0 
3
6486 0 6758 2 2646 3 

6745
6745 6745
0 0 0 0 0 0 0 0 0 1 
0 0 1 1 0 1 0 0 1 0 1 1 0 0 1 
3
6489 0 6761 2 2649 3 

6746
6746 6746
0 0 0 0 0 0 0 0 0 1 
0 0 1 1 0 1 0 0 1 0 1 1 0 1 0 
3
6490 0 6762 2 2650 3 

6757
6757 5717
0 0 0 0 0 0 0 0 0 1 
0 0 1 1 0 1 0 0 1 1 0 0 1 0 1 
3
6501 0 6761 2 2661 3 

6758
6758 5718
0 0 0 0 0 0 0 0 0 1 
0 0 1 1 0 1 0 0 1 1 0 0 1 1 0 
3
6502 0 6762 2 2662 3 

6761
6761 5717
0 0 0 0 0 0 0 0 0 1 
0 0 1 1 0 1 0 0 1 1 0 1 0 0 1 
3
6505 0 6762 2 2665 3 

6762
6762 5717
0 0 0 0 0 0 0 0 0 1 
0 0 1 1 0 1 0 0 1 1 0 1 0 1 0 
3
6250 0 6698 2 2666 3 

6805
6805 6805
0 0 0 0 0 0 0 0 0 1 
0 0 1 1 0 1 0 1 0 0 1 0 1 0 1 
3
6741 0 6821 2 2709 3 

6806
6806 6806
0 0 0 0 0 0 0 0 0 1 
0 0 1 1 0 1 0 1 0 0 1 0 1 1 0 
3
6742 0 6822 2 2710 3 

6809
6809 6809
0 0 0 0 0 0 0 0 0 1 
0 0 1 1 0 1 0 1 0 0 1 1 0 0 1 
3
6745 0 6825 2 2713 3 

6810
6810 6810
0 0 0 0 0 0 0 0 0 1 
0 0 1 1 0 1 0 1 0 0 1 1 0 1 0 
3
6746 0 6826 2 2714 3 

6821
6821 5781
0 0 0 0 0 0 0 0 0 1 
0 0 1 1 0 1 0 1 0 1 0 0 1 0 1 
3
6757 0 6825 2 2725 3 

6822
6822 5782
0 0 0 0 0 0 0 0 0 1 
0 0 1 1 0 1 0 1 0 1 0 0 1 1 0 
3
6758 0 6826 2 2726 3 

6825
6825 5781
0 0 0 0 0 0 0 0 0 1 
0 0 1 1 0 1 0 1 0 1 0 1 0 0 1 
3
6761 0 6826 2 2729 3 

6826
6698 0
0 0 0 0 0 0 0 0 0 1 
0 0 1 1 0 1 0 1 0 1 0 1 0 1 0 
2
6698 0 2730 3 

8192
8192 0
0 1 1 1 1 1 1 1 1 0 
0 1 0 0 0 0 0 0 0 0 0 0 0 0 0 
3
24576 1 8256 2 12288 3 

8224
8224 32
0 1 1 1 1 1 0 0 1 0 
0 1 0 0 0 0 0 0 0 1 0 0 0 0 0 
4
8192 0 24608 1 8288 2 12320 3 

8232
8232 40
0 1 1 1 1 1 0 0 1 0 
0 1 0 0 0 0 0 0 0 1 0 1 0 0 0 
4
8224 0 24616 1 8296 2 12328 3 

8256
24640 0
0 1 1 1 1 1 1 1 1 0 
0 1 0 0 0 0 0 0 1 0 0 0 0 0 0 
3
24640 1 8512 2 12352 3 

8288
24672 0
0 1 1 1 1 1 0 0 1 0 
0 1 0 0 0 0 0 0 1 1 0 0 0 0 0 
4
8256 0 24672 1 8544 2 12384 3 

8296
24680 0
0 1 1 1 1 1 0 0 1 0 
0 1 0 0 0 0 0 0 1 1 0 1 0 0 0 
4
8288 0 24680 1 8552 2 12392 3 

8512
24640 0
0 0 0 0 0 0 1 1 1 0 
0 1 0 0 0 0 1 0 1 0 0 0 0 0 0 
2
320 1 8256 2 

8513
8513 8513
0 0 0 0 0 0 1 1 1 0 
0 1 0 0 0 0 1 0 1 0 0 0 0 0 1 
2
321 1 8512 2 

8517
8517 8517
0 0 0 0 0 0 0 0 1 0 
0 1 0 0 0 0 1 0 1 0 0 0 1 0 1 
2
325 1 8513 2 

8544
24672 0
0 0 0 0 0 0 0 0 1 0 
0 1 0 0 0 0 1 0 1 1 0 0 0 0 0 
3
8512 0 352 1 8288 2 

8545
8545 8545
0 0 0 0 0 0 0 0 1 0 
0 1 0 0 0 0 1 0 1 1 0 0 0 0 1 
3
8513 0 353 1 8544 2 

8549
8549 8549
0 0 0 0 0 0 0 0 1 0 
0 1 0 0 0 0 1 0 1 1 0 0 1 0 1 
3
8517 0 357 1 8545 2 

8552
24680 0
0 0 0 0 0 0 0 0 1 0 
0 1 0 0 0 0 1 0 1 1 0 1 0 0 0 
3
8544 0 360 1 8296 2 

8553
8553 8553
0 0 0 0 0 0 0 0 1 0 
0 1 0 0 0 0 1 0 1 1 0 1 0 0 1 
3
8545 0 361 1 8552 2 

9541
9541 9541
0 0 0 0 0 0 0 0 1 0 
0 1 0 0 1 0 1 0 1 0 0 0 1 0 1 
2
1349 1 8517 2 

9557
9557 9557
0 0 0 0 0 0 0 0 1 0 
0 1 0 0 1 0 1 0 1 0 1 0 1 0 1 
2
1365 1 9541 2 

9558
9558 9558
0 0 0 0 0 0 0 0 1 0 
0 1 0 0 1 0 1 0 1 0 1 0 1 1 0 
3
9557 0 1366 1 9574 2 

9561
9561 9561
0 0 0 0 0 0 0 0 1 0 
0 1 0 0 1 0 1 0 1 0 1 1 0 0 1 
3
9557 0 1369 1 9577 2 

9562
9562 9562
0 0 0 0 0 0 0 0 1 0 
0 1 0 0 1 0 1 0 1 0 1 1 0 1 0 
3
9561 0 1370 1 9578 2 

9573
9573 9558
0 0 0 0 0 0 0 0 1 0 
0 1 0 0 1 0 1 0 1 1 0 0 1 0 1 
3
9541 0 1381 1 8549 2 

9574
9574 9558
0 0 0 0 0 0 0 0 1 0 
0 1 0 0 1 0 1 0 1 1 0 0 1 1 0 
3
9573 0 1382 1 10598 2 

9577
9577 9561
0 0 0 0 0 0 0 0 1 0 
0 1 0 0 1 0 1 0 1 1 0 1 0 0 1 
3
9573 0 1385 1 8553 2 

9578
9578 9562
0 0 0 0 0 0 0 0 1 0 
0 1 0 0 1 0 1 0 1 1 0 1 0 1 0 
3
9577 0 1386 1 10602 2 

9621
9621 9621
0 0 0 0 0 0 0 0 1 0 
0 1 0 0 1 0 1 1 0 0 1 0 1 0 1 
3
9557 0 1429 1 9637 2 

9622
9622 9622
0 0 0 0 0 0 0 0 1 0 
0 1 0 0 1 0 1 1 0 0 1 0 1 1 0 
3
9558 0 1430 1 9638 2 

9625
9625 9625
0 0 0 0 0 0 0 0 1 0 
0 1 0 0 1 0 1 1 0 0 1 1 0 0 1 
3
9561 0 1433 1 9641 2 

9626
9626 9626
0 0 0 0 0 0 0 0 1 0 
0 1 0 0 1 0 1 1 0 0 1 1 0 1 0 
3
9562 0 1434 1 9642 2 

9637
9637 9621
0 0 0 0 0 0 0 0 1 0 
0 1 0 0 1 0 1 1 0 1 0 0 1 0 1 
3
9573 0 1445 1 10661 2 

9638
9638 9622
0 0 0 0 0 0 0 0 1 0 
0 1 0 0 1 0 1 1 0 1 0 0 1 1 0 
3
9574 0 1446 1 10662 2 

9641
9641 9625
0 0 0 0 0 0 0 0 1 0 
0 1 0 0 1 0 1 1 0 1 0 1 0 0 1 
3
9577 0 1449 1 10665 2 

9642
9642 9626
0 0 0 0 0 0 0 0 1 0 
0 1 0 0 1 0 1 1 0 1 0 1 0 1 0 
3
9578 0 1450 1 10666 2 

9813
9813 9813
0 0 0 0 0 0 0 0 1 0 
0 1 0 0 1 1 0 0 1 0 1 0 1 0 1 
3
9557 0 1621 1 9829 2 

9814
9814 9814
0 0 0 0 0 0 0 0 1 0 
0 1 0 0 1 1 0 0 1 0 1 0 1 1 0 
3
9558 0 1622 1 9830 2 

9817
9817 9817
0 0 0 0 0 0 0 0 1 0 
0 1 0 0 1 1 0 0 1 0 1 1 0 0 1 
3
9561 0 1625 1 9833 2 

9818
9818 9818
0 0 0 0 0 0 0 0 1 0 
0 1 0 0 1 1 0 0 1 0 1 1 0 1 0 
3
9562 0 1626 1 9834 2 

9829
9829 9813
0 0 0 0 0 0 0 0 1 0 
0 1 0 0 1 1 0 0 1 1 0 0 1 0 1 
3
9573 0 1637 1 10853 2 

9830
9830 9814
0 0 0 0 0 0 0 0 1 0 
0 1 0 0 1 1 0 0 1 1 0 0 1 1 0 
3
9574 0 1638 1 10854 2 

9833
9833 9817
0 0 0 0 0 0 0 0 1 0 
0 1 0 0 1 1 0 0 1 1 0 1 0 0 1 
3
9577 0 1641 1 10857 2 

9834
9834 9818
0 0 0 0 0 0 0 0 1 0 
0 1 0 0 1 1 0 0 1 1 0 1 0 1 0 
3
9578 0 1642 1 10858 2 

9877
9877 9877
0 0 0 0 0 0 0 0 1 0 
0 1 0 0 1 1 0 1 0 0 1 0 1 0 1 
3
9813 0 1685 1 9893 2 

9878
9878 9878
0 0 0 0 0 0 0 0 1 0 
0 1 0 0 1 1 0 1 0 0 1 0 1 1 0 
3
9814 0 1686 1 9894 2 

9881
9881 9881
0 0 0 0 0 0 0 0 1 0 
0 1 0 0 1 1 0 1 0 0 1 1 0 0 1 
3
9817 0 1689 1 9897 2 

9882
9882 9882
0 0 0 0 0 0 0 0 1 0 
0 1 0 0 1 1 0 1 0 0 1 1 0 1 0 
3
9818 0 1690 1 9898 2 

9893
9893 9877
0 0 0 0 0 0 0 0 1 0 
0 1 0 0 1 1 0 1 0 1 0 0 1 0 1 
3
9829 0 1701 1 10917 2 

9894
9894 9878
0 0 0 0 0 0 0 0 1 0 
0 1 0 0 1 1 0 1 0 1 0 0 1 1 0 
3
9830 0 1702 1 10918 2 

9897
9897 9881
0 0 0 0 0 0 0 0 1 0 
0 1 0 0 1 1 0 1 0 1 0 1 0 0 1 
3
9833 0 1705 1 10921 2 

9898
9898 9882
0 0 0 0 0 0 0 0 1 0 
0 1 0 0 1 1 0 1 0 1 0 1 0 1 0 
3
9834 0 1706 1 10922 2 

10280
10280 0
1 0 0 0 0 0 0 0 1 0 
0 1 0 1 0 0 0 0 0 1 0 1 0 0 0 
2
10282 0 2088 1 

10282
10282 0
1 0 0 0 0 0 0 0 1 0 
0 1 0 1 0 0 0 0 0 1 0 1 0 1 0 
2
10794 0 2090 1 

10344
10344 9558
0 0 0 0 0 0 0 0 1 0 
0 1 0 1 0 0 0 0 1 1 0 1 0 0 0 
3
8296 0 2152 1 10280 2 

10346
10346 9558
0 0 0 0 0 0 0 0 1 0 
0 1 0 1 0 0 0 0 1 1 0 1 0 1 0 
3
10344 0 2154 1 10282 2 

10581
10581 10581
0 0 0 0 0 0 0 0 1 0 
0 1 0 1 0 0 1 0 1 0 1 0 1 0 1 
3
9557 0 2389 1 10597 2 

10582
10582 10582
0 0 0 0 0 0 0 0 1 0 
0 1 0 1 0 0 1 0 1 0 1 0 1 1 0 
3
10581 0 2390 1 10598 2 

10585
10585 10585
0 0 0 0 0 0 0 0 1 0 
0 1 0 1 0 0 1 0 1 0 1 1 0 0 1 
3
9561 0 2393 1 10601 2 

10586
10586 10586
0 0 0 0 0 0 0 0 1 0 
0 1 0 1 0 0 1 0 1 0 1 1 0 1 0 
3
10585 0 2394 1 10602 2 

10597
10597 9558
0 0 0 0 0 0 0 0 1 0 
0 1 0 1 0 0 1 0 1 1 0 0 1 0 1 
3
8549 0 2405 1 10601 2 

10598
10598 9558
0 0 0 0 0 0 0 0 1 0 
0 1 0 1 0 0 1 0 1 1 0 0 1 1 0 
3
10597 0 2406 1 10602 2 

10600
10600 9558
0 0 0 0 0 0 0 0 1 0 
0 1 0 1 0 0 1 0 1 1 0 1 0 0 0 
3
8552 0 2408 1 10344 2 

10601
10601 9558
0 0 0 0 0 0 0 0 1 0 
0 1 0 1 0 0 1 0 1 1 0 1 0 0 1 
3
8553 0 2409 1 10600 2 

10602
10602 9558
0 0 0 0 0 0 0 0 1 0 
0 1 0 1 0 0 1 0 1 1 0 1 0 1 0 
3
10600 0 2410 1 10346 2 

10645
10645 10645
0 0 0 0 0 0 0 0 1 0 
0 1 0 1 0 0 1 1 0 0 1 0 1 0 1 
3
10581 0 2453 1 10661 2 

10646
10646 10646
0 0 0 0 0 0 0 0 1 0 
0 1 0 1 0 0 1 1 0 0 1 0 1 1 0 
3
10582 0 2454 1 10662 2 

10649
10649 10649
0 0 0 0 0 0 0 0 1 0 
0 1 0 1 0 0 1 1 0 0 1 1 0 0 1 
3
10585 0 2457 1 10665 2 

10650
10650 10650
0 0 0 0 0 0 0 0 1 0 
0 1 0 1 0 0 1 1 0 0 1 1 0 1 0 
3
10586 0 2458 1 10666 2 

10661
10661 9621
0 0 0 0 0 0 0 0 1 0 
0 1 0 1 0 0 1 1 0 1 0 0 1 0 1 
3
10597 0 2469 1 10665 2 

10662
10662 9622
0 0 0 0 0 0 0 0 1 0 
0 1 0 1 0 0 1 1 0 1 0 0 1 1 0 
3
10598 0 2470 1 10666 2 

10665
10665 9621
0 0 0 0 0 0 0 0 1 0 
0 1 0 1 0 0 1 1 0 1 0 1 0 0 1 
3
10601 0 2473 1 10666 2 

10666
10666 9621
0 0 0 0 0 0 0 0 1 0 
0 1 0 1 0 0 1 1 0 1 0 1 0 1 0 
3
10602 0 2474 1 10922 2 

10794
10922 0
1 0 0 0 0 0 0 0 1 0 
0 1 0 1 0 1 0 0 0 1 0 1 0 1 0 
2
10922 0 2602 1 

10837
10837 10837
0 0 0 0 0 0 0 0 1 0 
0 1 0 1 0 1 0 0 1 0 1 0 1 0 1 
3
10581 0 2645 1 10853 2 

10838
10838 10838
0 0 0 0 0 0 0 0 1 0 
0 1 0 1 0 1 0 0 1 0 1 0 1 1 0 
3
10582 0 2646 1 10854 2 

10841
10841 10841
0 0 0 0 0 0 0 0 1 0 
0 1 0 1 0 1 0 0 1 0 1 1 0 0 1 
3
10585 0 2649 1 10857 2 

10842
10842 10842
0 0 0 0 0 0 0 0 1 0 
0 1 0 1 0 1 0 0 1 0 1 1 0 1 0 
3
10586 0 2650 1 10858 2 

10853
10853 9813
0 0 0 0 0 0 0 0 1 0 
0 1 0 1 0 1 0 0 1 1 0 0 1 0 1 
3
10597 0 2661 1 10857 2 

10854
10854 9814
0 0 0 0 0 0 0 0 1 0 
0 1 0 1 0 1 0 0 1 1 0 0 1 1 0 
3
10598 0 2662 1 10858 2 

10857
10857 9813
0 0 0 0 0 0 0 0 1 0 
0 1 0 1 0 1 0 0 1 1 0 1 0 0 1 
3
10601 0 2665 1 10858 2 

10858
10858 9813
0 0 0 0 0 0 0 0 1 0 
0 1 0 1 0 1 0 0 1 1 0 1 0 1 0 
3
10346 0 2666 1 10794 2 

10901
10901 10901
0 0 0 0 0 0 0 0 1 0 
0 1 0 1 0 1 0 1 0 0 1 0 1 0 1 
3
10837 0 2709 1 10917 2 

10902
10902 10902
0 0 0 0 0 0 0 0 1 0 
0 1 0 1 0 1 0 1 0 0 1 0 1 1 0 
3
10838 0 2710 1 10918 2 

10905
10905 10905
0 0 0 0 0 0 0 0 1 0 
0 1 0 1 0 1 0 1 0 0 1 1 0 0 1 
3
10841 0 2713 1 10921 2 

10906
10906 10906
0 0 0 0 0 0 0 0 1 0 
0 1 0 1 0 1 0 1 0 0 1 1 0 1 0 
3
10842 0 2714 1 10922 2 

10917
10917 9877
0 0 0 0 0 0 0 0 1 0 
0 1 0 1 0 1 0 1 0 1 0 0 1 0 1 
3
10853 0 2725 1 10921 2 

10918
10918 9878
0 0 0 0 0 0 0 0 1 0 
0 1 0 1 0 1 0 1 0 1 0 0 1 1 0 
3
10854 0 2726 1 10922 2 

10921
10921 9877
0 0 0 0 0 0 0 0 1 0 
0 1 0 1 0 1 0 1 0 1 0 1 0 0 1 
3
10857 0 2729 1 10922 2 

10922
10922 0
0 0 0 0 0 0 0 0 1 0 
0 1 0 1 0 1 0 1 0 1 0 1 0 1 0 
2
10794 0 2730 1 

12288
12288 0
0 1 1 1 1 1 1 1 1 1 
0 1 1 0 0 0 0 0 0 0 0 0 0 0 0 
2
28672 1 12352 2 

12320
12320 32
0 1 1 1 1 1 0 0 1 1 
0 1 1 0 0 0 0 0 0 1 0 0 0 0 0 
3
12288 0 28704 1 12384 2 

12328
12328 40
0 1 1 1 1 1 0 0 1 1 
0 1 1 0 0 0 0 0 0 1 0 1 0 0 0 
3
12320 0 28712 1 12392 2 

12352
24640 0
0 1 1 1 1 1 1 1 1 1 
0 1 1 0 0 0 0 0 1 0 0 0 0 0 0 
2
28736 1 12608 2 

12384
24672 0
0 1 1 1 1 1 0 0 1 1 
0 1 1 0 0 0 0 0 1 1 0 0 0 0 0 
3
12352 0 28768 1 12640 2 

12392
24680 0
0 1 1 1 1 1 0 0 1 1 
0 1 1 0 0 0 0 0 1 1 0 1 0 0 0 
3
12384 0 28776 1 12648 2 

12608
24640 0
0 0 0 0 0 0 1 1 1 1 
0 1 1 0 0 0 1 0 1 0 0 0 0 0 0 
3
4416 1 12352 2 8512 3 

12609
12609 12609
0 0 0 0 0 0 1 1 1 1 
0 1 1 0 0 0 1 0 1 0 0 0 0 0 1 
3
4417 1 12608 2 8513 3 

12613
12613 12613
0 0 0 0 0 0 0 0 1 1 
0 1 1 0 0 0 1 0 1 0 0 0 1 0 1 
3
4421 1 12609 2 8517 3 

12640
24672 0
0 0 0 0 0 0 0 0 1 1 
0 1 1 0 0 0 1 0 1 1 0 0 0 0 0 
4
12608 0 4448 1 12384 2 8544 3 

12641
12641 12641
0 0 0 0 0 0 0 0 1 1 
0 1 1 0 0 0 1 0 1 1 0 0 0 0 1 
4
12609 0 4449 1 12640 2 8545 3 

12645
12645 12645
0 0 0 0 0 0 0 0 1 1 
0 1 1 0 0 0 1 0 1 1 0 0 1 0 1 
4
12613 0 4453 1 12641 2 8549 3 

12648
24680 0
0 0 0 0 0 0 0 0 1 1 
0 1 1 0 0 0 1 0 1 1 0 1 0 0 0 
4
12640 0 4456 1 12392 2 8552 3 

12649
12649 12649
0 0 0 0 0 0 0 0 1 1 
0 1 1 0 0 0 1 0 1 1 0 1 0 0 1 
4
12641 0 4457 1 12648 2 8553 3 

13637
13637 13637
0 0 0 0 0 0 0 0 1 1 
0 1 1 0 1 0 1 0 1 0 0 0 1 0 1 
3
5445 1 12613 2 9541 3 

13653
13653 13653
0 0 0 0 0 0 0 0 1 1 
0 1 1 0 1 0 1 0 1 0 1 0 1 0 1 
3
5461 1 13637 2 9557 3 

13654
13654 13654
0 0 0 0 0 0 0 0 1 1 
0 1 1 0 1 0 1 0 1 0 1 0 1 1 0 
4
13653 0 5462 1 13670 2 9558 3 

13657
13657 13657
0 0 0 0 0 0 0 0 1 1 
0 1 1 0 1 0 1 0 1 0 1 1 0 0 1 
4
13653 0 5465 1 13673 2 9561 3 

13658
13658 13658
0 0 0 0 0 0 0 0 1 1 
0 1 1 0 1 0 1 0 1 0 1 1 0 1 0 
4
13657 0 5466 1 13674 2 9562 3 

13669
13669 13654
0 0 0 0 0 0 0 0 1 1 
0 1 1 0 1 0 1 0 1 1 0 0 1 0 1 
4
13637 0 5477 1 12645 2 9573 3 

13670
13670 13654
0 0 0 0 0 0 0 0 1 1 
0 1 1 0 1 0 1 0 1 1 0 0 1 1 0 
4
13669 0 5478 1 14694 2 9574 3 

13673
13673 13657
0 0 0 0 0 0 0 0 1 1 
0 1 1 0 1 0 1 0 1 1 0 1 0 0 1 
4
13669 0 5481 1 12649 2 9577 3 

13674
13674 13658
0 0 0 0 0 0 0 0 1 1 
0 1 1 0 1 0 1 0 1 1 0 1 0 1 0 
4
13673 0 5482 1 14698 2 9578 3 

13717
13717 13717
0 0 0 0 0 0 0 0 1 1 
0 1 1 0 1 0 1 1 0 0 1 0 1 0 1 
4
13653 0 5525 1 13733 2 9621 3 

13718
13718 13718
0 0 0 0 0 0 0 0 1 1 
0 1 1 0 1 0 1 1 0 0 1 0 1 1 0 
4
13654 0 5526 1 13734 2 9622 3 

13721
13721 13721
0 0 0 0 0 0 0 0 1 1 
0 1 1 0 1 0 1 1 0 0 1 1 0 0 1 
4
13657 0 5529 1 13737 2 9625 3 

13722
13722 13722
0 0 0 0 0 0 0 0 1 1 
0 1 1 0 1 0 1 1 0 0 1 1 0 1 0 
4
13658 0 5530 1 13738 2 9626 3 

13733
13733 13717
0 0 0 0 0 0 0 0 1 1 
0 1 1 0 1 0 1 1 0 1 0 0 1 0 1 
4
13669 0 5541 1 14757 2 9637 3 

13734
13734 13718
0 0 0 0 0 0 0 0 1 1 
0 1 1 0 1 0 1 1 0 1 0 0 1 1 0 
4
13670 0 5542 1 14758 2 9638 3 

13737
13737 13721
0 0 0 0 0 0 0 0 1 1 
0 1 1 0 1 0 1 1 0 1 0 1 0 0 1 
4
13673 0 5545 1 14761 2 9641 3 

13738
13738 13722
0 0 0 0 0 0 0 0 1 1 
0 1 1 0 1 0 1 1 0 1 0 1 0 1 0 
4
13674 0 5546 1 14762 2 9642 3 

13909
13909 13909
0 0 0 0 0 0 0 0 1 1 
0 1 1 0 1 1 0 0 1 0 1 0 1 0 1 
4
13653 0 5717 1 13925 2 9813 3 

13910
13910 13910
0 0 0 0 0 0 0 0 1 1 
0 1 1 0 1 1 0 0 1 0 1 0 1 1 0 
4
13654 0 5718 1 13926 2 9814 3 

13913
13913 13913
0 0 0 0 0 0 0 0 1 1 
0 1 1 0 1 1 0 0 1 0 1 1 0 0 1 
4
13657 0 5721 1 13929 2 9817 3 

13914
13914 13914
0 0 0 0 0 0 0 0 1 1 
0 1 1 0 1 1 0 0 1 0 1 1 0 1 0 
4
13658 0 5722 1 13930 2 9818 3 

13925
13925 13909
0 0 0 0 0 0 0 0 1 1 
0 1 1 0 1 1 0 0 1 1 0 0 1 0 1 
4
13669 0 5733 1 14949 2 9829 3 

13926
13926 13910
0 0 0 0 0 0 0 0 1 1 
0 1 1 0 1 1 0 0 1 1 0 0 1 1 0 
4
13670 0 5734 1 14950 2 9830 3 

13929
13929 13913
0 0 0 0 0 0 0 0 1 1 
0 1 1 0 1 1 0 0 1 1 0 1 0 0 1 
4
13673 0 5737 1 14953 2 9833 3 

13930
13930 13914
0 0 0 0 0 0 0 0 1 1 
0 1 1 0 1 1 0 0 1 1 0 1 0 1 0 
4
13674 0 5738 1 14954 2 9834 3 

13973
13973 13973
0 0 0 0 0 0 0 0 1 1 
0 1 1 0 1 1 0 1 0 0 1 0 1 0 1 
4
13909 0 5781 1 13989 2 9877 3 

13974
13974 13974
0 0 0 0 0 0 0 0 1 1 
0 1 1 0 1 1 0 1 0 0 1 0 1 1 0 
4
13910 0 5782 1 13990 2 9878 3 

13977
13977 13977
0 0 0 0 0 0 0 0 1 1 
0 1 1 0 1 1 0 1 0 0 1 1 0 0 1 
4
13913 0 5785 1 13993 2 9881 3 

13978
13978 13978
0 0 0 0 0 0 0 0 1 1 
0 1 1 0 1 1 0 1 0 0 1 1 0 1 0 
4
13914 0 5786 1 13994 2 9882 3 

13989
13989 13973
0 0 0 0 0 0 0 0 1 1 
0 1 1 0 1 1 0 1 0 1 0 0 1 0 1 
4
13925 0 5797 1 15013 2 9893 3 

13990
13990 13974
0 0 0 0 0 0 0 0 1 1 
0 1 1 0 1 1 0 1 0 1 0 0 1 1 0 
4
13926 0 5798 1 15014 2 9894 3 

13993
13993 13977
0 0 0 0 0 0 0 0 1 1 
0 1 1 0 1 1 0 1 0 1 0 1 0 0 1 
4
13929 0 5801 1 15017 2 9897 3 

13994
13994 13978
0 0 0 0 0 0 0 0 1 1 
0 1 1 0 1 1 0 1 0 1 0 1 0 1 0 
4
13930 0 5802 1 15018 2 9898 3 

14376
14376 0
1 0 0 0 0 0 0 0 1 1 
0 1 1 1 0 0 0 0 0 1 0 1 0 0 0 
3
14378 0 6184 1 10280 3 

14378
14378 0
1 0 0 0 0 0 0 0 1 1 
0 1 1 1 0 0 0 0 0 1 0 1 0 1 0 
3
14890 0 6186 1 10282 3 

14440
14440 13654
0 0 0 0 0 0 0 0 1 1 
0 1 1 1 0 0 0 0 1 1 0 1 0 0 0 
4
12392 0 6248 1 14376 2 10344 3 

14442
14442 13654
0 0 0 0 0 0 0 0 1 1 
0 1 1 1 0 0 0 0 1 1 0 1 0 1 0 
4
14440 0 6250 1 14378 2 10346 3 

14677
14677 14677
0 0 0 0 0 0 0 0 1 1 
0 1 1 1 0 0 1 0 1 0 1 0 1 0 1 
4
13653 0 6485 1 14693 2 10581 3 

14678
14678 14678
0 0 0 0 0 0 0 0 1 1 
0 1 1 1 0 0 1 0 1 0 1 0 1 1 0 
4
14677 0 6486 1 14694 2 10582 3 

14681
14681 14681
0 0 0 0 0 0 0 0 1 1 
0 1 1 1 0 0 1 0 1 0 1 1 0 0 1 
4
13657 0 6489 1 14697 2 10585 3 

14682
14682 14682
0 0 0 0 0 0 0 0 1 1 
0 1 1 1 0 0 1 0 1 0 1 1 0 1 0 
4
14681 0 6490 1 14698 2 10586 3 

14693
14693 13654
0 0 0 0 0 0 0 0 1 1 
0 1 1 1 0 0 1 0 1 1 0 0 1 0 1 
4
12645 0 6501 1 14697 2 10597 3 

14694
14694 13654
0 0 0 0 0 0 0 0 1 1 
0 1 1 1 0 0 1 0 1 1 0 0 1 1 0 
4
14693 0 6502 1 14698 2 10598 3 

14696
14696 13654
0 0 0 0 0 0 0 0 1 1 
0 1 1 1 0 0 1 0 1 1 0 1 0 0 0 
4
12648 0 6504 1 14440 2 10600 3 

14697
14697 13654
0 0 0 0 0 0 0 0 1 1 
0 1 1 1 0 0 1 0 1 1 0 1 0 0 1 
4
12649 0 6505 1 14696 2 10601 3 

14698
14698 13654
0 0 0 0 0 0 0 0 1 1 
0 1 1 1 0 0 1 0 1 1 0 1 0 1 0 
4
14696 0 6506 1 14442 2 10602 3 

14741
14741 14741
0 0 0 0 0 0 0 0 1 1 
0 1 1 1 0 0 1 1 0 0 1 0 1 0 1 
4
14677 0 6549 1 14757 2 10645 3 

14742
14742 14742
0 0 0 0 0 0 0 0 1 1 
0 1 1 1 0 0 1 1 0 0 1 0 1 1 0 
4
14678 0 6550 1 14758 2 10646 3 

14745
14745 14745
0 0 0 0 0 0 0 0 1 1 
0 1 1 1 0 0 1 1 0 0 1 1 0 0 1 
4
14681 0 6553 1 14761 2 10649 3 

14746
14746 14746
0 0 0 0 0 0 0 0 1 1 
0 1 1 1 0 0 1 1 0 0 1 1 0 1 0 
4
14682 0 6554 1 14762 2 10650 3 

14757
14757 13717
0 0 0 0 0 0 0 0 1 1 
0 1 1 1 0 0 1 1 0 1 0 0 1 0 1 
4
14693 0 6565 1 14761 2 10661 3 

14758
14758 13718
0 0 0 0 0 0 0 0 1 1 
0 1 1 1 0 0 1 1 0 1 0 0 1 1 0 
4
14694 0 6566 1 14762 2 10662 3 

14761
14761 13717
0 0 0 0 0 0 0 0 1 1 
0 1 1 1 0 0 1 1 0 1 0 1 0 0 1 
4
14697 0 6569 1 14762 2 10665 3 

14762
14762 13717
0 0 0 0 0 0 0 0 1 1 
0 1 1 1 0 0 1 1 0 1 0 1 0 1 0 
4
14698 0 6570 1 15018 2 10666 3 

14890
15018 0
1 0 0 0 0 0 0 0 1 1 
0 1 1 1 0 1 0 0 0 1 0 1 0 1 0 
3
15018 0 6698 1 10794 3 

14933
14933 14933
0 0 0 0 0 0 0 0 1 1 
0 1 1 1 0 1 0 0 1 0 1 0 1 0 1 
4
14677 0 6741 1 14949 2 10837 3 

14934
14934 14934
0 0 0 0 0 0 0 0 1 1 
0 1 1 1 0 1 0 0 1 0 1 0 1 1 0 
4
14678 0 6742 1 14950 2 10838 3 

14937
14937 14937
0 0 0 0 0 0 0 0 1 1 
0 1 1 1 0 1 0 0 1 0 1 1 0 0 1 
4
14681 0 6745 1 14953 2 10841 3 

14938
14938 14938
0 0 0 0 0 0 0 0 1 1 
0 1 1 1 0 1 0 0 1 0 1 1 0 1 0 
4
14682 0 6746 1 14954 2 10842 3 

14949
14949 13909
0 0 0 0 0 0 0 0 1 1 
0 1 1 1 0 1 0 0 1 1 0 0 1 0 1 
4
14693 0 6757 1 14953 2 10853 3 

14950
14950 13910
0 0 0 0 0 0 0 0 1 1 
0 1 1 1 0 1 0 0 1 1 0 0 1 1 0 
4
14694 0 6758 1 14954 2 10854 3 

14953
14953 13909
0 0 0 0 0 0 0 0 1 1 
0 1 1 1 0 1 0 0 1 1 0 1 0 0 1 
4
14697 0 6761 1 14954 2 10857 3 

14954
14954 13909
0 0 0 0 0 0 0 0 1 1 
0 1 1 1 0 1 0 0 1 1 0 1 0 1 0 
4
14442 0 6762 1 14890 2 10858 3 

14997
14997 14997
0 0 0 0 0 0 0 0 1 1 
0 1 1 1 0 1 0 1 0 0 1 0 1 0 1 
4
14933 0 6805 1 15013 2 10901 3 

14998
14998 14998
0 0 0 0 0 0 0 0 1 1 
0 1 1 1 0 1 0 1 0 0 1 0 1 1 0 
4
14934 0 6806 1 15014 2 10902 3 

15001
15001 15001
0 0 0 0 0 0 0 0 1 1 
0 1 1 1 0 1 0 1 0 0 1 1 0 0 1 
4
14937 0 6809 1 15017 2 10905 3 

15002
15002 15002
0 0 0 0 0 0 0 0 1 1 
0 1 1 1 0 1 0 1 0 0 1 1 0 1 0 
4
14938 0 6810 1 15018 2 10906 3 

15013
15013 13973
0 0 0 0 0 0 0 0 1 1 
0 1 1 1 0 1 0 1 0 1 0 0 1 0 1 
4
14949 0 6821 1 15017 2 10917 3 

15014
15014 13974
0 0 0 0 0 0 0 0 1 1 
0 1 1 1 0 1 0 1 0 1 0 0 1 1 0 
4
14950 0 6822 1 15018 2 10918 3 

15017
15017 13973
0 0 0 0 0 0 0 0 1 1 
0 1 1 1 0 1 0 1 0 1 0 1 0 0 1 
4
14953 0 6825 1 15018 2 10921 3 

15018
15018 0
0 0 0 0 0 0 0 0 1 1 
0 1 1 1 0 1 0 1 0 1 0 1 0 1 0 
3
14890 0 6826 1 10922 3 

24576
24576 0
1 1 1 1 1 1 1 1 1 0 
1 1 0 0 0 0 0 0 0 0 0 0 0 0 0 
3
24608 0 24640 2 28672 3 

24608
24608 0
1 1 1 1 1 1 0 0 1 0 
1 1 0 0 0 0 0 0 0 1 0 0 0 0 0 
3
24616 0 24672 2 28704 3 

24616
24616 0
1 1 1 1 1 1 0 0 1 0 
1 1 0 0 0 0 0 0 0 1 0 1 0 0 0 
3
26664 0 24680 2 28712 3 

24640
24640 0
0 1 1 1 1 1 1 1 1 0 
1 1 0 0 0 0 0 0 1 0 0 0 0 0 0 
2
24896 2 28736 3 

24672
24672 0
0 1 1 1 1 1 0 0 1 0 
1 1 0 0 0 0 0 0 1 1 0 0 0 0 0 
3
24640 0 24928 2 28768 3 

24680
24680 0
0 1 1 1 1 1 0 0 1 0 
1 1 0 0 0 0 0 0 1 1 0 1 0 0 0 
3
24672 0 24936 2 28776 3 

24896
24640 0
0 0 0 0 0 0 1 1 1 0 
1 1 0 0 0 0 1 0 1 0 0 0 0 0 0 
2
8512 1 24640 2 

24897
24897 24897
0 0 0 0 0 0 1 1 1 0 
1 1 0 0 0 0 1 0 1 0 0 0 0 0 1 
2
8513 1 24896 2 

24901
24901 24901
0 0 0 0 0 0 0 0 1 0 
1 1 0 0 0 0 1 0 1 0 0 0 1 0 1 
2
8517 1 24897 2 

24928
24672 0
0 0 0 0 0 0 0 0 1 0 
1 1 0 0 0 0 1 0 1 1 0 0 0 0 0 
3
24896 0 8544 1 24672 2 

24929
24929 24929
0 0 0 0 0 0 0 0 1 0 
1 1 0 0 0 0 1 0 1 1 0 0 0 0 1 
3
24897 0 8545 1 24928 2 

24933
24933 24933
0 0 0 0 0 0 0 0 1 0 
1 1 0 0 0 0 1 0 1 1 0 0 1 0 1 
3
24901 0 8549 1 24929 2 

24936
24680 0
0 0 0 0 0 0 0 0 1 0 
1 1 0 0 0 0 1 0 1 1 0 1 0 0 0 
3
24928 0 8552 1 24680 2 

24937
24937 24937
0 0 0 0 0 0 0 0 1 0 
1 1 0 0 0 0 1 0 1 1 0 1 0 0 1 
3
24929 0 8553 1 24936 2 

25925
25925 25925
0 0 0 0 0 0 0 0 1 0 
1 1 0 0 1 0 1 0 1 0 0 0 1 0 1 
2
9541 1 24901 2 

25941
25941 25941
0 0 0 0 0 0 0 0 1 0 
1 1 0 0 1 0 1 0 1 0 1 0 1 0 1 
2
9557 1 25925 2 

25942
25942 25942
0 0 0 0 0 0 0 0 1 0 
1 1 0 0 1 0 1 0 1 0 1 0 1 1 0 
3
25941 0 9558 1 25958 2 

25945
25945 25945
0 0 0 0 0 0 0 0 1 0 
1 1 0 0 1 0 1 0 1 0 1 1 0 0 1 
3
25941 0 9561 1 25961 2 

25946
25946 25946
0 0 0 0 0 0 0 0 1 0 
1 1 0 0 1 0 1 0 1 0 1 1 0 1 0 
3
25945 0 9562 1 25962 2 

25957
25957 25942
0 0 0 0 0 0 0 0 1 0 
1 1 0 0 1 0 1 0 1 1 0 0 1 0 1 
3
25925 0 9573 1 24933 2 

25958
25958 25942
0 0 0 0 0 0 0 0 1 0 
1 1 0 0 1 0 1 0 1 1 0 0 1 1 0 
3
25957 0 9574 1 26982 2 

25961
25961 25945
0 0 0 0 0 0 0 0 1 0 
1 1 0 0 1 0 1 0 1 1 0 1 0 0 1 
3
25957 0 9577 1 24937 2 

25962
25962 25946
0 0 0 0 0 0 0 0 1 0 
1 1 0 0 1 0 1 0 1 1 0 1 0 1 0 
3
25961 0 9578 1 26986 2 

26005
26005 26005
0 0 0 0 0 0 0 0 1 0 
1 1 0 0 1 0 1 1 0 0 1 0 1 0 1 
3
25941 0 9621 1 26021 2 

26006
26006 26006
0 0 0 0 0 0 0 0 1 0 
1 1 0 0 1 0 1 1 0 0 1 0 1 1 0 
3
25942 0 9622 1 26022 2 

26009
26009 26009
0 0 0 0 0 0 0 0 1 0 
1 1 0 0 1 0 1 1 0 0 1 1 0 0 1 
3
25945 0 9625 1 26025 2 

26010
26010 26010
0 0 0 0 0 0 0 0 1 0 
1 1 0 0 1 0 1 1 0 0 1 1 0 1 0 
3
25946 0 9626 1 26026 2 

26021
26021 26005
0 0 0 0 0 0 0 0 1 0 
1 1 0 0 1 0 1 1 0 1 0 0 1 0 1 
3
25957 0 9637 1 27045 2 

26022
26022 26006
0 0 0 0 0 0 0 0 1 0 
1 1 0 0 1 0 1 1 0 1 0 0 1 1 0 
3
25958 0 9638 1 27046 2 

26025
26025 26009
0 0 0 0 0 0 0 0 1 0 
1 1 0 0 1 0 1 1 0 1 0 1 0 0 1 
3
25961 0 9641 1 27049 2 

26026
26026 26010
0 0 0 0 0 0 0 0 1 0 
1 1 0 0 1 0 1 1 0 1 0 1 0 1 0 
3
25962 0 9642 1 27050 2 

26197
26197 26197
0 0 0 0 0 0 0 0 1 0 
1 1 0 0 1 1 0 0 1 0 1 0 1 0 1 
3
25941 0 9813 1 26213 2 

26198
26198 26198
0 0 0 0 0 0 0 0 1 0 
1 1 0 0 1 1 0 0 1 0 1 0 1 1 0 
3
25942 0 9814 1 26214 2 

26201
26201 26201
0 0 0 0 0 0 0 0 1 0 
1 1 0 0 1 1 0 0 1 0 1 1 0 0 1 
3
25945 0 9817 1 26217 2 

26202
26202 26202
0 0 0 0 0 0 0 0 1 0 
1 1 0 0 1 1 0 0 1 0 1 1 0 1 0 
3
25946 0 9818 1 26218 2 

26213
26213 26197
0 0 0 0 0 0 0 0 1 0 
1 1 0 0 1 1 0 0 1 1 0 0 1 0 1 
3
25957 0 9829 1 27237 2 

26214
26214 26198
0 0 0 0 0 0 0 0 1 0 
1 1 0 0 1 1 0 0 1 1 0 0 1 1 0 
3
25958 0 9830 1 27238 2 

26217
26217 26201
0 0 0 0 0 0 0 0 1 0 
1 1 0 0 1 1 0 0 1 1 0 1 0 0 1 
3
25961 0 9833 1 27241 2 

26218
26218 26202
0 0 0 0 0 0 0 0 1 0 
1 1 0 0 1 1 0 0 1 1 0 1 0 1 0 
3
25962 0 9834 1 27242 2 

26261
26261 26261
0 0 0 0 0 0 0 0 1 0 
1 1 0 0 1 1 0 1 0 0 1 0 1 0 1 
3
26197 0 9877 1 26277 2 

26262
26262 26262
0 0 0 0 0 0 0 0 1 0 
1 1 0 0 1 1 0 1 0 0 1 0 1 1 0 
3
26198 0 9878 1 26278 2 

26265
26265 26265
0 0 0 0 0 0 0 0 1 0 
1 1 0 0 1 1 0 1 0 0 1 1 0 0 1 
3
26201 0 9881 1 26281 2 

26266
26266 26266
0 0 0 0 0 0 0 0 1 0 
1 1 0 0 1 1 0 1 0 0 1 1 0 1 0 
3
26202 0 9882 1 26282 2 

26277
26277 26261
0 0 0 0 0 0 0 0 1 0 
1 1 0 0 1 1 0 1 0 1 0 0 1 0 1 
3
26213 0 9893 1 27301 2 

26278
26278 26262
0 0 0 0 0 0 0 0 1 0 
1 1 0 0 1 1 0 1 0 1 0 0 1 1 0 
3
26214 0 9894 1 27302 2 

26281
26281 26265
0 0 0 0 0 0 0 0 1 0 
1 1 0 0 1 1 0 1 0 1 0 1 0 0 1 
3
26217 0 9897 1 27305 2 

26282
26282 26266
0 0 0 0 0 0 0 0 1 0 
1 1 0 0 1 1 0 1 0 1 0 1 0 1 0 
3
26218 0 9898 1 27306 2 

26664
26664 0
1 0 0 0 0 0 0 0 1 0 
1 1 0 1 0 0 0 0 0 1 0 1 0 0 0 
2
26666 0 10280 1 

26666
26666 0
1 0 0 0 0 0 0 0 1 0 
1 1 0 1 0 0 0 0 0 1 0 1 0 1 0 
2
27178 0 10282 1 

26728
26728 25942
0 0 0 0 0 0 0 0 1 0 
1 1 0 1 0 0 0 0 1 1 0 1 0 0 0 
3
24680 0 10344 1 26664 2 

26730
26730 25942
0 0 0 0 0 0 0 0 1 0 
1 1 0 1 0 0 0 0 1 1 0 1 0 1 0 
3
26728 0 10346 1 26666 2 

26965
26965 26965
0 0 0 0 0 0 0 0 1 0 
1 1 0 1 0 0 1 0 1 0 1 0 1 0 1 
3
25941 0 10581 1 26981 2 

26966
26966 26966
0 0 0 0 0 0 0 0 1 0 
1 1 0 1 0 0 1 0 1 0 1 0 1 1 0 
3
26965 0 10582 1 26982 2 

26969
26969 26969
0 0 0 0 0 0 0 0 1 0 
1 1 0 1 0 0 1 0 1 0 1 1 0 0 1 
3
25945 0 10585 1 26985 2 

26970
26970 26970
0 0 0 0 0 0 0 0 1 0 
1 1 0 1 0 0 1 0 1 0 1 1 0 1 0 
3
26969 0 10586 1 26986 2 

26981
26981 25942
0 0 0 0 0 0 0 0 1 0 
1 1 0 1 0 0 1 0 1 1 0 0 1 0 1 
3
24933 0 10597 1 26985 2 

26982
26982 25942
0 0 0 0 0 0 0 0 1 0 
1 1 0 1 0 0 1 0 1 1 0 0 1 1 0 
3
26981 0 10598 1 26986 2 

26984
26984 25942
0 0 0 0 0 0 0 0 1 0 
1 1 0 1 0 0 1 0 1 1 0 1 0 0 0 
3
24936 0 10600 1 26728 2 

26985
26985 25942
0 0 0 0 0 0 0 0 1 0 
1 1 0 1 0 0 1 0 1 1 0 1 0 0 1 
3
24937 0 10601 1 26984 2 

26986
26986 25942
0 0 0 0 0 0 0 0 1 0 
1 1 0 1 0 0 1 0 1 1 0 1 0 1 0 
3
26984 0 10602 1 26730 2 

27029
27029 27029
0 0 0 0 0 0 0 0 1 0 
1 1 0 1 0 0 1 1 0 0 1 0 1 0 1 
3
26965 0 10645 1 27045 2 

27030
27030 27030
0 0 0 0 0 0 0 0 1 0 
1 1 0 1 0 0 1 1 0 0 1 0 1 1 0 
3
26966 0 10646 1 27046 2 

27033
27033 27033
0 0 0 0 0 0 0 0 1 0 
1 1 0 1 0 0 1 1 0 0 1 1 0 0 1 
3
26969 0 10649 1 27049 2 

27034
27034 27034
0 0 0 0 0 0 0 0 1 0 
1 1 0 1 0 0 1 1 0 0 1 1 0 1 0 
3
26970 0 10650 1 27050 2 

27045
27045 26005
0 0 0 0 0 0 0 0 1 0 
1 1 0 1 0 0 1 1 0 1 0 0 1 0 1 
3
26981 0 10661 1 27049 2 

27046
27046 26006
0 0 0 0 0 0 0 0 1 0 
1 1 0 1 0 0 1 1 0 1 0 0 1 1 0 
3
26982 0 10662 1 27050 2 

27049
27049 26005
0 0 0 0 0 0 0 0 1 0 
1 1 0 1 0 0 1 1 0 1 0 1 0 0 1 
3
26985 0 10665 1 27050 2 

27050
27050 26005
0 0 0 0 0 0 0 0 1 0 
1 1 0 1 0 0 1 1 0 1 0 1 0 1 0 
3
26986 0 10666 1 27306 2 

27178
27178 0
1 0 0 0 0 0 0 0 1 0 
1 1 0 1 0 1 0 0 0 1 0 1 0 1 0 
2
27306 0 10794 1 

27221
27221 27221
0 0 0 0 0 0 0 0 1 0 
1 1 0 1 0 1 0 0 1 0 1 0 1 0 1 
3
26965 0 10837 1 27237 2 

27222
27222 27222
0 0 0 0 0 0 0 0 1 0 
1 1 0 1 0 1 0 0 1 0 1 0 1 1 0 
3
26966 0 10838 1 27238 2 

27225
27225 27225
0 0 0 0 0 0 0 0 1 0 
1 1 0 1 0 1 0 0 1 0 1 1 0 0 1 
3
26969 0 10841 1 27241 2 

27226
27226 27226
0 0 0 0 0 0 0 0 1 0 
1 1 0 1 0 1 0 0 1 0 1 1 0 1 0 
3
26970 0 10842 1 27242 2 

27237
27237 26197
0 0 0 0 0 0 0 0 1 0 
1 1 0 1 0 1 0 0 1 1 0 0 1 0 1 
3
26981 0 10853 1 27241 2 

27238
27238 26198
0 0 0 0 0 0 0 0 1 0 
1 1 0 1 0 1 0 0 1 1 0 0 1 1 0 
3
26982 0 10854 1 27242 2 

27241
27241 26197
0 0 0 0 0 0 0 0 1 0 
1 1 0 1 0 1 0 0 1 1 0 1 0 0 1 
3
26985 0 10857 1 27242 2 

27242
27242 26197
0 0 0 0 0 0 0 0 1 0 
1 1 0 1 0 1 0 0 1 1 0 1 0 1 0 
3
26730 0 10858 1 27178 2 

27285
27285 27285
0 0 0 0 0 0 0 0 1 0 
1 1 0 1 0 1 0 1 0 0 1 0 1 0 1 
3
27221 0 10901 1 27301 2 

27286
27286 27286
0 0 0 0 0 0 0 0 1 0 
1 1 0 1 0 1 0 1 0 0 1 0 1 1 0 
3
27222 0 10902 1 27302 2 

27289
27289 27289
0 0 0 0 0 0 0 0 1 0 
1 1 0 1 0 1 0 1 0 0 1 1 0 0 1 
3
27225 0 10905 1 27305 2 

27290
27290 27290
0 0 0 0 0 0 0 0 1 0 
1 1 0 1 0 1 0 1 0 0 1 1 0 1 0 
3
27226 0 10906 1 27306 2 

27301
27301 26261
0 0 0 0 0 0 0 0 1 0 
1 1 0 1 0 1 0 1 0 1 0 0 1 0 1 
3
27237 0 10917 1 27305 2 

27302
27302 26262
0 0 0 0 0 0 0 0 1 0 
1 1 0 1 0 1 0 1 0 1 0 0 1 1 0 
3
27238 0 10918 1 27306 2 

27305
27305 26261
0 0 0 0 0 0 0 0 1 0 
1 1 0 1 0 1 0 1 0 1 0 1 0 0 1 
3
27241 0 10921 1 27306 2 

27306
27178 0
0 0 0 0 0 0 0 0 1 0 
1 1 0 1 0 1 0 1 0 1 0 1 0 1 0 
2
27178 0 10922 1 

28672
28672 0
1 1 1 1 1 1 1 1 1 1 
1 1 1 0 0 0 0 0 0 0 0 0 0 0 0 
2
28704 0 28736 2 

28704
28704 0
1 1 1 1 1 1 0 0 1 1 
1 1 1 0 0 0 0 0 0 1 0 0 0 0 0 
2
28712 0 28768 2 

28712
28712 0
1 1 1 1 1 1 0 0 1 1 
1 1 1 0 0 0 0 0 0 1 0 1 0 0 0 
2
30760 0 28776 2 

28736
24640 0
0 1 1 1 1 1 1 1 1 1 
1 1 1 0 0 0 0 0 1 0 0 0 0 0 0 
1
28992 2 

28768
24672 0
0 1 1 1 1 1 0 0 1 1 
1 1 1 0 0 0 0 0 1 1 0 0 0 0 0 
2
28736 0 29024 2 

28776
24680 0
0 1 1 1 1 1 0 0 1 1 
1 1 1 0 0 0 0 0 1 1 0 1 0 0 0 
2
28768 0 29032 2 

28992
24640 0
0 0 0 0 0 0 1 1 1 1 
1 1 1 0 0 0 1 0 1 0 0 0 0 0 0 
3
12608 1 28736 2 24896 3 

28993
28993 28993
0 0 0 0 0 0 1 1 1 1 
1 1 1 0 0 0 1 0 1 0 0 0 0 0 1 
3
12609 1 28992 2 24897 3 

28997
28997 28997
0 0 0 0 0 0 0 0 1 1 
1 1 1 0 0 0 1 0 1 0 0 0 1 0 1 
3
12613 1 28993 2 24901 3 

29024
24672 0
0 0 0 0 0 0 0 0 1 1 
1 1 1 0 0 0 1 0 1 1 0 0 0 0 0 
4
28992 0 12640 1 28768 2 24928 3 

29025
29025 29025
0 0 0 0 0 0 0 0 1 1 
1 1 1 0 0 0 1 0 1 1 0 0 0 0 1 
4
28993 0 12641 1 29024 2 24929 3 

29029
29029 29029
0 0 0 0 0 0 0 0 1 1 
1 1 1 0 0 0 1 0 1 1 0 0 1 0 1 
4
28997 0 12645 1 29025 2 24933 3 

29032
24680 0
0 0 0 0 0 0 0 0 1 1 
1 1 1 0 0 0 1 0 1 1 0 1 0 0 0 
4
29024 0 12648 1 28776 2 24936 3 

29033
29033 29033
0 0 0 0 0 0 0 0 1 1 
1 1 1 0 0 0 1 0 1 1 0 1 0 0 1 
4
29025 0 12649 1 29032 2 24937 3 

30021
30021 30021
0 0 0 0 0 0 0 0 1 1 
1 1 1 0 1 0 1 0 1 0 0 0 1 0 1 
3
13637 1 28997 2 25925 3 

30037
30037 30037
0 0 0 0 0 0 0 0 1 1 
1 1 1 0 1 0 1 0 1 0 1 0 1 0 1 
3
13653 1 30021 2 25941 3 

30038
30038 30038
0 0 0 0 0 0 0 0 1 1 
1 1 1 0 1 0 1 0 1 0 1 0 1 1 0 
4
30037 0 13654 1 30054 2 25942 3 

30041
30041 30041
0 0 0 0 0 0 0 0 1 1 
1 1 1 0 1 0 1 0 1 0 1 1 0 0 1 
4
30037 0 13657 1 30057 2 25945 3 

30042
30042 30042
0 0 0 0 0 0 0 0 1 1 
1 1 1 0 1 0 1 0 1 0 1 1 0 1 0 
4
30041 0 13658 1 30058 2 25946 3 

30053
30053 30038
0 0 0 0 0 0 0 0 1 1 
1 1 1 0 1 0 1 0 1 1 0 0 1 0 1 
4
30021 0 13669 1 29029 2 25957 3 

30054
30054 30038
0 0 0 0 0 0 0 0 1 1 
1 1 1 0 1 0 1 0 1 1 0 0 1 1 0 
4
30053 0 13670 1 31078 2 25958 3 

30057
30057 30041
0 0 0 0 0 0 0 0 1 1 
1 1 1 0 1 0 1 0 1 1 0 1 0 0 1 
4
30053 0 13673 1 29033 2 25961 3 

30058
30058 30042
0 0 0 0 0 0 0 0 1 1 
1 1 1 0 1 0 1 0 1 1 0 1 0 1 0 
4
30057 0 13674 1 31082 2 25962 3 

30101
30101 30101
0 0 0 0 0 0 0 0 1 1 
1 1 1 0 1 0 1 1 0 0 1 0 1 0 1 
4
30037 0 13717 1 30117 2 26005 3 

30102
30102 30102
0 0 0 0 0 0 0 0 1 1 
1 1 1 0 1 0 1 1 0 0 1 0 1 1 0 
4
30038 0 13718 1 30118 2 26006 3 

30105
30105 30105
0 0 0 0 0 0 0 0 1 1 
1 1 1 0 1 0 1 1 0 0 1 1 0 0 1 
4
30041 0 13721 1 30121 2 26009 3 

30106
30106 30106
0 0 0 0 0 0 0 0 1 1 
1 1 1 0 1 0 1 1 0 0 1 1 0 1 0 
4
30042 0 13722 1 30122 2 26010 3 

30117
30117 30101
0 0 0 0 0 0 0 0 1 1 
1 1 1 0 1 0 1 1 0 1 0 0 1 0 1 
4
30053 0 13733 1 31141 2 26021 3 

30118
30118 30102
0 0 0 0 0 0 0 0 1 1 
1 1 1 0 1 0 1 1 0 1 0 0 1 1 0 
4
30054 0 13734 1 31142 2 26022 3 

30121
30121 30105
0 0 0 0 0 0 0 0 1 1 
1 1 1 0 1 0 1 1 0 1 0 1 0 0 1 
4
30057 0 13737 1 31145 2 26025 3 

30122
30122 30106
0 0 0 0 0 0 0 0 1 1 
1 1 1 0 1 0 1 1 0 1 0 1 0 1 0 
4
30058 0 13738 1 31146 2 26026 3 

30293
30293 30293
0 0 0 0 0 0 0 0 1 1 
1 1 1 0 1 1 0 0 1 0 1 0 1 0 1 
4
30037 0 13909 1 30309 2 26197 3 

30294
30294 30294
0 0 0 0 0 0 0 0 1 1 
1 1 1 0 1 1 0 0 1 0 1 0 1 1 0 
4
30038 0 13910 1 30310 2 26198 3 

30297
30297 30297
0 0 0 0 0 0 0 0 1 1 
1 1 1 0 1 1 0 0 1 0 1 1 0 0 1 
4
30041 0 13913 1 30313 2 26201 3 

30298
30298 30298
0 0 0 0 0 0 0 0 1 1 
1 1 1 0 1 1 0 0 1 0 1 1 0 1 0 
4
30042 0 13914 1 30314 2 26202 3 

30309
30309 30293
0 0 0 0 0 0 0 0 1 1 
1 1 1 0 1 1 0 0 1 1 0 0 1 0 1 
4
30053 0 13925 1 31333 2 26213 3 

30310
30310 30294
0 0 0 0 0 0 0 0 1 1 
1 1 1 0 1 1 0 0 1 1 0 0 1 1 0 
4
30054 0 13926 1 31334 2 26214 3 

30313
30313 30297
0 0 0 0 0 0 0 0 1 1 
1 1 1 0 1 1 0 0 1 1 0 1 0 0 1 
4
30057 0 13929 1 31337 2 26217 3 

30314
30314 30298
0 0 0 0 0 0 0 0 1 1 
1 1 1 0 1 1 0 0 1 1 0 1 0 1 0 
4
30058 0 13930 1 31338 2 26218 3 

30357
30357 30357
0 0 0 0 0 0 0 0 1 1 
1 1 1 0 1 1 0 1 0 0 1 0 1 0 1 
4
30293 0 13973 1 30373 2 26261 3 

30358
30358 30358
0 0 0 0 0 0 0 0 1 1 
1 1 1 0 1 1 0 1 0 0 1 0 1 1 0 
4
30294 0 13974 1 30374 2 26262 3 

30361
30361 30361
0 0 0 0 0 0 0 0 1 1 
1 1 1 0 1 1 0 1 0 0 1 1 0 0 1 
4
30297 0 13977 1 30377 2 26265 3 

30362
30362 30362
0 0 0 0 0 0 0 0 1 1 
1 1 1 0 1 1 0 1 0 0 1 1 0 1 0 
4
30298 0 13978 1 30378 2 26266 3 

30373
30373 30357
0 0 0 0 0 0 0 0 1 1 
1 1 1 0 1 1 0 1 0 1 0 0 1 0 1 
4
30309 0 13989 1 31397 2 26277 3 

30374
30374 30358
0 0 0 0 0 0 0 0 1 1 
1 1 1 0 1 1 0 1 0 1 0 0 1 1 0 
4
30310 0 13990 1 31398 2 26278 3 

30377
30377 30361
0 0 0 0 0 0 0 0 1 1 
1 1 1 0 1 1 0 1 0 1 0 1 0 0 1 
4
30313 0 13993 1 31401 2 26281 3 

30378
30378 30362
0 0 0 0 0 0 0 0 1 1 
1 1 1 0 1 1 0 1 0 1 0 1 0 1 0 
4
30314 0 13994 1 31402 2 26282 3 

30760
30760 0
1 0 0 0 0 0 0 0 1 1 
1 1 1 1 0 0 0 0 0 1 0 1 0 0 0 
3
30762 0 14376 1 26664 3 

30762
30762 0
1 0 0 0 0 0 0 0 1 1 
1 1 1 1 0 0 0 0 0 1 0 1 0 1 0 
3
31274 0 14378 1 26666 3 

30824
30824 30038
0 0 0 0 0 0 0 0 1 1 
1 1 1 1 0 0 0 0 1 1 0 1 0 0 0 
4
28776 0 14440 1 30760 2 26728 3 

30826
30826 30038
0 0 0 0 0 0 0 0 1 1 
1 1 1 1 0 0 0 0 1 1 0 1 0 1 0 
4
30824 0 14442 1 30762 2 26730 3 

31061
31061 31061
0 0 0 0 0 0 0 0 1 1 
1 1 1 1 0 0 1 0 1 0 1 0 1 0 1 
4
30037 0 14677 1 31077 2 26965 3 

31062
31062 31062
0 0 0 0 0 0 0 0 1 1 
1 1 1 1 0 0 1 0 1 0 1 0 1 1 0 
4
31061 0 14678 1 31078 2 26966 3 

31065
31065 31065
0 0 0 0 0 0 0 0 1 1 
1 1 1 1 0 0 1 0 1 0 1 1 0 0 1 
4
30041 0 14681 1 31081 2 26969 3 

31066
31066 31066
0 0 0 0 0 0 0 0 1 1 
1 1 1 1 0 0 1 0 1 0 1 1 0 1 0 
4
31065 0 14682 1 31082 2 26970 3 

31077
31077 30038
0 0 0 0 0 0 0 0 1 1 
1 1 1 1 0 0 1 0 1 1 0 0 1 0 1 
4
29029 0 14693 1 31081 2 26981 3 

31078
31078 30038
0 0 0 0 0 0 0 0 1 1 
1 1 1 1 0 0 1 0 1 1 0 0 1 1 0 
4
31077 0 14694 1 31082 2 26982 3 

31080
31080 30038
0 0 0 0 0 0 0 0 1 1 
1 1 1 1 0 0 1 0 1 1 0 1 0 0 0 
4
29032 0 14696 1 30824 2 26984 3 

31081
31081 30038
0 0 0 0 0 0 0 0 1 1 
1 1 1 1 0 0 1 0 1 1 0 1 0 0 1 
4
29033 0 14697 1 31080 2 26985 3 

31082
31082 30038
0 0 0 0 0 0 0 0 1 1 
1 1 1 1 0 0 1 0 1 1 0 1 0 1 0 
4
31080 0 14698 1 30826 2 26986 3 

31125
31125 31125
0 0 0 0 0 0 0 0 1 1 
1 1 1 1 0 0 1 1 0 0 1 0 1 0 1 
4
31061 0 14741 1 31141 2 27029 3 

31126
31126 31126
0 0 0 0 0 0 0 0 1 1 
1 1 1 1 0 0 1 1 0 0 1 0 1 1 0 
4
31062 0 14742 1 31142 2 27030 3 

31129
31129 31129
0 0 0 0 0 0 0 0 1 1 
1 1 1 1 0 0 1 1 0 0 1 1 0 0 1 
4
31065 0 14745 1 31145 2 27033 3 

31130
31130 31130
0 0 0 0 0 0 0 0 1 1 
1 1 1 1 0 0 1 1 0 0 1 1 0 1 0 
4
31066 0 14746 1 31146 2 27034 3 

31141
31141 30101
0 0 0 0 0 0 0 0 1 1 
1 1 1 1 0 0 1 1 0 1 0 0 1 0 1 
4
31077 0 14757 1 31145 2 27045 3 

31142
31142 30102
0 0 0 0 0 0 0 0 1 1 
1 1 1 1 0 0 1 1 0 1 0 0 1 1 0 
4
31078 0 14758 1 31146 2 27046 3 

31145
31145 30101
0 0 0 0 0 0 0 0 1 1 
1 1 1 1 0 0 1 1 0 1 0 1 0 0 1 
4
31081 0 14761 1 31146 2 27049 3 

31146
31146 30101
0 0 0 0 0 0 0 0 1 1 
1 1 1 1 0 0 1 1 0 1 0 1 0 1 0 
4
31082 0 14762 1 31402 2 27050 3 

31274
31274 0
1 0 0 0 0 0 0 0 1 1 
1 1 1 1 0 1 0 0 0 1 0 1 0 1 0 
3
31402 0 14890 1 27178 3 

31317
31317 31317
0 0 0 0 0 0 0 0 1 1 
1 1 1 1 0 1 0 0 1 0 1 0 1 0 1 
4
31061 0 14933 1 31333 2 27221 3 

31318
31318 31318
0 0 0 0 0 0 0 0 1 1 
1 1 1 1 0 1 0 0 1 0 1 0 1 1 0 
4
31062 0 14934 1 31334 2 27222 3 

31321
31321 31321
0 0 0 0 0 0 0 0 1 1 
1 1 1 1 0 1 0 0 1 0 1 1 0 0 1 
4
31065 0 14937 1 31337 2 27225 3 

31322
31322 31322
0 0 0 0 0 0 0 0 1 1 
1 1 1 1 0 1 0 0 1 0 1 1 0 1 0 
4
31066 0 14938 1 31338 2 27226 3 

31333
31333 30293
0 0 0 0 0 0 0 0 1 1 
1 1 1 1 0 1 0 0 1 1 0 0 1 0 1 
4
31077 0 14949 1 31337 2 27237 3 

31334
31334 30294
0 0 0 0 0 0 0 0 1 1 
1 1 1 1 0 1 0 0 1 1 0 0 1 1 0 
4
31078 0 14950 1 31338 2 27238 3 

31337
31337 30293
0 0 0 0 0 0 0 0 1 1 
1 1 1 1 0 1 0 0 1 1 0 1 0 0 1 
4
31081 0 14953 1 31338 2 27241 3 

31338
31338 30293
0 0 0 0 0 0 0 0 1 1 
1 1 1 1 0 1 0 0 1 1 0 1 0 1 0 
4
30826 0 14954 1 31274 2 27242 3 

31381
31381 31381
0 0 0 0 0 0 0 0 1 1 
1 1 1 1 0 1 0 1 0 0 1 0 1 0 1 
4
31317 0 14997 1 31397 2 27285 3 

31382
31382 31382
0 0 0 0 0 0 0 0 1 1 
1 1 1 1 0 1 0 1 0 0 1 0 1 1 0 
4
31318 0 14998 1 31398 2 27286 3 

31385
31385 31385
0 0 0 0 0 0 0 0 1 1 
1 1 1 1 0 1 0 1 0 0 1 1 0 0 1 
4
31321 0 15001 1 31401 2 27289 3 

31386
31386 31386
0 0 0 0 0 0 0 0 1 1 
1 1 1 1 0 1 0 1 0 0 1 1 0 1 0 
4
31322 0 15002 1 31402 2 27290 3 

31397
31397 30357
0 0 0 0 0 0 0 0 1 1 
1 1 1 1 0 1 0 1 0 1 0 0 1 0 1 
4
31333 0 15013 1 31401 2 27301 3 

31398
31398 30358
0 0 0 0 0 0 0 0 1 1 
1 1 1 1 0 1 0 1 0 1 0 0 1 1 0 
4
31334 0 15014 1 31402 2 27302 3 

31401
31401 30357
0 0 0 0 0 0 0 0 1 1 
1 1 1 1 0 1 0 1 0 1 0 1 0 0 1 
4
31337 0 15017 1 31402 2 27305 3 

31402
31274 0
0 0 0 0 0 0 0 0 1 1 
1 1 1 1 0 1 0 1 0 1 0 1 0 1 0 
3
31274 0 15018 1 27306 3 

