### HK022 variant No 000369 model state graph ###
#
# number of genes | int
10
# number of binding sites | int
9
# number of states | int
510
# INI state id | int
0
# gene names | str[]
cI cII cro Q O P cIII xis int Struc 
# binding site names | str[] 
bcII_1{cII} bcII_2{cII} bQ{Q} bOR1{cI,cro} bOR2{cI,cro} bOR3{cI,cro} bOL1{cI,cro} bOL2{cI,cro} bOL3{cI,cro} 

# list of states and transitions
# state attributes: id gene_states bs_states type edge_n | int str str int int
# transition attributes: dest_id gene_id {+,-} | int int def

0  0111111100 000000000000000 0 3
8192 1 + 64 2 + 4096 3 + 

32  0111110000 000000000100000 0 4
0 0 - 8224 1 + 96 2 + 4128 3 + 

40  0111110000 000000000101000 0 4
32 0 - 8232 1 + 104 2 + 4136 3 + 

64  0111111100 000000001000000 0 3
8256 1 + 65 2 + 4160 3 + 

65  0111111100 000000001000001 1 3
8257 1 + 321 2 + 4161 3 + 

96  0111110000 000000001100000 0 4
64 0 - 8288 1 + 97 2 + 4192 3 + 

97  0111110000 000000001100001 0 4
65 0 - 8289 1 + 353 2 + 4193 3 + 

104  0111110000 000000001101000 0 4
96 0 - 8296 1 + 105 2 + 4200 3 + 

105  0111110000 000000001101001 0 4
97 0 - 8297 1 + 361 2 + 4201 3 + 

321  0000001100 000000101000001 1 1
65 2 - 

325  0000000000 000000101000101 0 1
321 2 - 

353  0000000000 000000101100001 0 2
321 0 - 97 2 - 

357  0000000000 000000101100101 0 2
325 0 - 353 2 - 

361  0000000000 000000101101001 0 2
353 0 - 105 2 - 

1349  0000000000 000010101000101 0 1
325 2 - 

1365  0000000000 000010101010101 0 1
1349 2 - 

1366  0000000000 000010101010110 0 2
1365 0 - 1382 2 - 

1369  0000000000 000010101011001 0 2
1365 0 - 1385 2 - 

1370  0000000000 000010101011010 0 2
1369 0 - 1386 2 - 

1381  0000000000 000010101100101 0 2
1349 0 - 357 2 - 

1382  0000000000 000010101100110 0 2
1381 0 - 2406 2 - 

1385  0000000000 000010101101001 0 2
1381 0 - 361 2 - 

1386  0000000000 000010101101010 0 2
1385 0 - 2410 2 - 

1429  0000000000 000010110010101 0 2
1365 0 - 1445 2 - 

1430  0000000000 000010110010110 0 2
1366 0 - 1446 2 - 

1433  0000000000 000010110011001 0 2
1369 0 - 1449 2 - 

1434  0000000000 000010110011010 0 2
1370 0 - 1450 2 - 

1445  0000000000 000010110100101 0 2
1381 0 - 2469 2 - 

1446  0000000000 000010110100110 0 2
1382 0 - 2470 2 - 

1449  0000000000 000010110101001 0 2
1385 0 - 2473 2 - 

1450  0000000000 000010110101010 0 2
1386 0 - 2474 2 - 

1621  0000000000 000011001010101 0 2
1365 0 - 1637 2 - 

1622  0000000000 000011001010110 0 2
1366 0 - 1638 2 - 

1625  0000000000 000011001011001 0 2
1369 0 - 1641 2 - 

1626  0000000000 000011001011010 0 2
1370 0 - 1642 2 - 

1637  0000000000 000011001100101 0 2
1381 0 - 2661 2 - 

1638  0000000000 000011001100110 0 2
1382 0 - 2662 2 - 

1641  0000000000 000011001101001 0 2
1385 0 - 2665 2 - 

1642  0000000000 000011001101010 0 2
1386 0 - 2666 2 - 

1685  0000000000 000011010010101 0 2
1621 0 - 1701 2 - 

1686  0000000000 000011010010110 0 2
1622 0 - 1702 2 - 

1689  0000000000 000011010011001 0 2
1625 0 - 1705 2 - 

1690  0000000000 000011010011010 0 2
1626 0 - 1706 2 - 

1701  0000000000 000011010100101 0 2
1637 0 - 2725 2 - 

1702  0000000000 000011010100110 0 2
1638 0 - 2726 2 - 

1705  0000000000 000011010101001 0 2
1641 0 - 2729 2 - 

1706  0000000000 000011010101010 0 2
1642 0 - 2730 2 - 

2088  1000000000 000100000101000 0 1
2090 0 + 

2090  1000000000 000100000101010 0 1
2602 0 + 

2152  0000000000 000100001101000 0 2
104 0 - 2088 2 - 

2153  0000000000 000100001101001 0 2
105 0 - 2152 2 - 

2154  0000000000 000100001101010 0 2
2152 0 - 2090 2 - 

2389  0000000000 000100101010101 0 2
1365 0 - 2405 2 - 

2390  0000000000 000100101010110 0 2
2389 0 - 2406 2 - 

2393  0000000000 000100101011001 0 2
1369 0 - 2409 2 - 

2394  0000000000 000100101011010 0 2
2393 0 - 2410 2 - 

2405  0000000000 000100101100101 0 2
357 0 - 2409 2 - 

2406  0000000000 000100101100110 0 2
2405 0 - 2410 2 - 

2409  0000000000 000100101101001 0 2
361 0 - 2153 2 - 

2410  0000000000 000100101101010 0 2
2409 0 - 2154 2 - 

2453  0000000000 000100110010101 0 2
2389 0 - 2469 2 - 

2454  0000000000 000100110010110 0 2
2390 0 - 2470 2 - 

2457  0000000000 000100110011001 0 2
2393 0 - 2473 2 - 

2458  0000000000 000100110011010 0 2
2394 0 - 2474 2 - 

2469  0000000000 000100110100101 0 2
2405 0 - 2473 2 - 

2470  0000000000 000100110100110 0 2
2406 0 - 2474 2 - 

2473  0000000000 000100110101001 0 2
2409 0 - 2729 2 - 

2474  0000000000 000100110101010 0 2
2410 0 - 2730 2 - 

2602  1000000000 000101000101010 1 1
2730 0 + 

2645  0000000000 000101001010101 0 2
2389 0 - 2661 2 - 

2646  0000000000 000101001010110 0 2
2390 0 - 2662 2 - 

2649  0000000000 000101001011001 0 2
2393 0 - 2665 2 - 

2650  0000000000 000101001011010 0 2
2394 0 - 2666 2 - 

2661  0000000000 000101001100101 0 2
2405 0 - 2665 2 - 

2662  0000000000 000101001100110 0 2
2406 0 - 2666 2 - 

2665  0000000000 000101001101001 0 2
2153 0 - 2666 2 - 

2666  0000000000 000101001101010 0 2
2154 0 - 2602 2 - 

2709  0000000000 000101010010101 0 2
2645 0 - 2725 2 - 

2710  0000000000 000101010010110 0 2
2646 0 - 2726 2 - 

2713  0000000000 000101010011001 0 2
2649 0 - 2729 2 - 

2714  0000000000 000101010011010 0 2
2650 0 - 2730 2 - 

2725  0000000000 000101010100101 0 2
2661 0 - 2729 2 - 

2726  0000000000 000101010100110 0 2
2662 0 - 2730 2 - 

2729  0000000000 000101010101001 0 2
2665 0 - 2730 2 - 

2730  0000000000 000101010101010 1 1
2602 0 - 

4096  0111111101 001000000000000 0 2
12288 1 + 4160 2 + 

4128  0111110001 001000000100000 0 3
4096 0 - 12320 1 + 4192 2 + 

4136  0111110001 001000000101000 0 3
4128 0 - 12328 1 + 4200 2 + 

4160  0111111101 001000001000000 0 2
12352 1 + 4161 2 + 

4161  0111111101 001000001000001 1 2
12353 1 + 4417 2 + 

4192  0111110001 001000001100000 0 3
4160 0 - 12384 1 + 4193 2 + 

4193  0111110001 001000001100001 0 3
4161 0 - 12385 1 + 4449 2 + 

4200  0111110001 001000001101000 0 3
4192 0 - 12392 1 + 4201 2 + 

4201  0111110001 001000001101001 0 3
4193 0 - 12393 1 + 4457 2 + 

4417  0000001101 001000101000001 1 2
4161 2 - 321 3 - 

4421  0000000001 001000101000101 0 2
4417 2 - 325 3 - 

4449  0000000001 001000101100001 0 3
4417 0 - 4193 2 - 353 3 - 

4453  0000000001 001000101100101 0 3
4421 0 - 4449 2 - 357 3 - 

4457  0000000001 001000101101001 0 3
4449 0 - 4201 2 - 361 3 - 

5445  0000000001 001010101000101 0 2
4421 2 - 1349 3 - 

5461  0000000001 001010101010101 0 2
5445 2 - 1365 3 - 

5462  0000000001 001010101010110 0 3
5461 0 - 5478 2 - 1366 3 - 

5465  0000000001 001010101011001 0 3
5461 0 - 5481 2 - 1369 3 - 

5466  0000000001 001010101011010 0 3
5465 0 - 5482 2 - 1370 3 - 

5477  0000000001 001010101100101 0 3
5445 0 - 4453 2 - 1381 3 - 

5478  0000000001 001010101100110 0 3
5477 0 - 6502 2 - 1382 3 - 

5481  0000000001 001010101101001 0 3
5477 0 - 4457 2 - 1385 3 - 

5482  0000000001 001010101101010 0 3
5481 0 - 6506 2 - 1386 3 - 

5525  0000000001 001010110010101 0 3
5461 0 - 5541 2 - 1429 3 - 

5526  0000000001 001010110010110 0 3
5462 0 - 5542 2 - 1430 3 - 

5529  0000000001 001010110011001 0 3
5465 0 - 5545 2 - 1433 3 - 

5530  0000000001 001010110011010 0 3
5466 0 - 5546 2 - 1434 3 - 

5541  0000000001 001010110100101 0 3
5477 0 - 6565 2 - 1445 3 - 

5542  0000000001 001010110100110 0 3
5478 0 - 6566 2 - 1446 3 - 

5545  0000000001 001010110101001 0 3
5481 0 - 6569 2 - 1449 3 - 

5546  0000000001 001010110101010 0 3
5482 0 - 6570 2 - 1450 3 - 

5717  0000000001 001011001010101 0 3
5461 0 - 5733 2 - 1621 3 - 

5718  0000000001 001011001010110 0 3
5462 0 - 5734 2 - 1622 3 - 

5721  0000000001 001011001011001 0 3
5465 0 - 5737 2 - 1625 3 - 

5722  0000000001 001011001011010 0 3
5466 0 - 5738 2 - 1626 3 - 

5733  0000000001 001011001100101 0 3
5477 0 - 6757 2 - 1637 3 - 

5734  0000000001 001011001100110 0 3
5478 0 - 6758 2 - 1638 3 - 

5737  0000000001 001011001101001 0 3
5481 0 - 6761 2 - 1641 3 - 

5738  0000000001 001011001101010 0 3
5482 0 - 6762 2 - 1642 3 - 

5781  0000000001 001011010010101 0 3
5717 0 - 5797 2 - 1685 3 - 

5782  0000000001 001011010010110 0 3
5718 0 - 5798 2 - 1686 3 - 

5785  0000000001 001011010011001 0 3
5721 0 - 5801 2 - 1689 3 - 

5786  0000000001 001011010011010 0 3
5722 0 - 5802 2 - 1690 3 - 

5797  0000000001 001011010100101 0 3
5733 0 - 6821 2 - 1701 3 - 

5798  0000000001 001011010100110 0 3
5734 0 - 6822 2 - 1702 3 - 

5801  0000000001 001011010101001 0 3
5737 0 - 6825 2 - 1705 3 - 

5802  0000000001 001011010101010 0 3
5738 0 - 6826 2 - 1706 3 - 

6184  1000000001 001100000101000 0 2
6186 0 + 2088 3 - 

6186  1000000001 001100000101010 0 2
6698 0 + 2090 3 - 

6248  0000000001 001100001101000 0 3
4200 0 - 6184 2 - 2152 3 - 

6249  0000000001 001100001101001 0 3
4201 0 - 6248 2 - 2153 3 - 

6250  0000000001 001100001101010 0 3
6248 0 - 6186 2 - 2154 3 - 

6485  0000000001 001100101010101 0 3
5461 0 - 6501 2 - 2389 3 - 

6486  0000000001 001100101010110 0 3
6485 0 - 6502 2 - 2390 3 - 

6489  0000000001 001100101011001 0 3
5465 0 - 6505 2 - 2393 3 - 

6490  0000000001 001100101011010 0 3
6489 0 - 6506 2 - 2394 3 - 

6501  0000000001 001100101100101 0 3
4453 0 - 6505 2 - 2405 3 - 

6502  0000000001 001100101100110 0 3
6501 0 - 6506 2 - 2406 3 - 

6505  0000000001 001100101101001 0 3
4457 0 - 6249 2 - 2409 3 - 

6506  0000000001 001100101101010 0 3
6505 0 - 6250 2 - 2410 3 - 

6549  0000000001 001100110010101 0 3
6485 0 - 6565 2 - 2453 3 - 

6550  0000000001 001100110010110 0 3
6486 0 - 6566 2 - 2454 3 - 

6553  0000000001 001100110011001 0 3
6489 0 - 6569 2 - 2457 3 - 

6554  0000000001 001100110011010 0 3
6490 0 - 6570 2 - 2458 3 - 

6565  0000000001 001100110100101 0 3
6501 0 - 6569 2 - 2469 3 - 

6566  0000000001 001100110100110 0 3
6502 0 - 6570 2 - 2470 3 - 

6569  0000000001 001100110101001 0 3
6505 0 - 6825 2 - 2473 3 - 

6570  0000000001 001100110101010 0 3
6506 0 - 6826 2 - 2474 3 - 

6698  1000000001 001101000101010 0 2
6826 0 + 2602 3 - 

6741  0000000001 001101001010101 0 3
6485 0 - 6757 2 - 2645 3 - 

6742  0000000001 001101001010110 0 3
6486 0 - 6758 2 - 2646 3 - 

6745  0000000001 001101001011001 0 3
6489 0 - 6761 2 - 2649 3 - 

6746  0000000001 001101001011010 0 3
6490 0 - 6762 2 - 2650 3 - 

6757  0000000001 001101001100101 0 3
6501 0 - 6761 2 - 2661 3 - 

6758  0000000001 001101001100110 0 3
6502 0 - 6762 2 - 2662 3 - 

6761  0000000001 001101001101001 0 3
6249 0 - 6762 2 - 2665 3 - 

6762  0000000001 001101001101010 0 3
6250 0 - 6698 2 - 2666 3 - 

6805  0000000001 001101010010101 0 3
6741 0 - 6821 2 - 2709 3 - 

6806  0000000001 001101010010110 0 3
6742 0 - 6822 2 - 2710 3 - 

6809  0000000001 001101010011001 0 3
6745 0 - 6825 2 - 2713 3 - 

6810  0000000001 001101010011010 0 3
6746 0 - 6826 2 - 2714 3 - 

6821  0000000001 001101010100101 0 3
6757 0 - 6825 2 - 2725 3 - 

6822  0000000001 001101010100110 0 3
6758 0 - 6826 2 - 2726 3 - 

6825  0000000001 001101010101001 0 3
6761 0 - 6826 2 - 2729 3 - 

6826  0000000001 001101010101010 0 2
6698 0 - 2730 3 - 

8192  0111111110 010000000000000 0 3
24576 1 + 8256 2 + 12288 3 + 

8224  0111110010 010000000100000 0 4
8192 0 - 24608 1 + 8288 2 + 12320 3 + 

8232  0111110010 010000000101000 0 4
8224 0 - 24616 1 + 8296 2 + 12328 3 + 

8256  0111111110 010000001000000 0 3
24640 1 + 8257 2 + 12352 3 + 

8257  0111111110 010000001000001 1 3
24641 1 + 8513 2 + 12353 3 + 

8288  0111110010 010000001100000 0 4
8256 0 - 24672 1 + 8289 2 + 12384 3 + 

8289  0111110010 010000001100001 0 4
8257 0 - 24673 1 + 8545 2 + 12385 3 + 

8296  0111110010 010000001101000 0 4
8288 0 - 24680 1 + 8297 2 + 12392 3 + 

8297  0111110010 010000001101001 0 4
8289 0 - 24681 1 + 8553 2 + 12393 3 + 

8513  0000001110 010000101000001 1 2
321 1 - 8257 2 - 

8517  0000000010 010000101000101 0 2
325 1 - 8513 2 - 

8545  0000000010 010000101100001 0 3
8513 0 - 353 1 - 8289 2 - 

8549  0000000010 010000101100101 0 3
8517 0 - 357 1 - 8545 2 - 

8553  0000000010 010000101101001 0 3
8545 0 - 361 1 - 8297 2 - 

9541  0000000010 010010101000101 0 2
1349 1 - 8517 2 - 

9557  0000000010 010010101010101 0 2
1365 1 - 9541 2 - 

9558  0000000010 010010101010110 0 3
9557 0 - 1366 1 - 9574 2 - 

9561  0000000010 010010101011001 0 3
9557 0 - 1369 1 - 9577 2 - 

9562  0000000010 010010101011010 0 3
9561 0 - 1370 1 - 9578 2 - 

9573  0000000010 010010101100101 0 3
9541 0 - 1381 1 - 8549 2 - 

9574  0000000010 010010101100110 0 3
9573 0 - 1382 1 - 10598 2 - 

9577  0000000010 010010101101001 0 3
9573 0 - 1385 1 - 8553 2 - 

9578  0000000010 010010101101010 0 3
9577 0 - 1386 1 - 10602 2 - 

9621  0000000010 010010110010101 0 3
9557 0 - 1429 1 - 9637 2 - 

9622  0000000010 010010110010110 0 3
9558 0 - 1430 1 - 9638 2 - 

9625  0000000010 010010110011001 0 3
9561 0 - 1433 1 - 9641 2 - 

9626  0000000010 010010110011010 0 3
9562 0 - 1434 1 - 9642 2 - 

9637  0000000010 010010110100101 0 3
9573 0 - 1445 1 - 10661 2 - 

9638  0000000010 010010110100110 0 3
9574 0 - 1446 1 - 10662 2 - 

9641  0000000010 010010110101001 0 3
9577 0 - 1449 1 - 10665 2 - 

9642  0000000010 010010110101010 0 3
9578 0 - 1450 1 - 10666 2 - 

9813  0000000010 010011001010101 0 3
9557 0 - 1621 1 - 9829 2 - 

9814  0000000010 010011001010110 0 3
9558 0 - 1622 1 - 9830 2 - 

9817  0000000010 010011001011001 0 3
9561 0 - 1625 1 - 9833 2 - 

9818  0000000010 010011001011010 0 3
9562 0 - 1626 1 - 9834 2 - 

9829  0000000010 010011001100101 0 3
9573 0 - 1637 1 - 10853 2 - 

9830  0000000010 010011001100110 0 3
9574 0 - 1638 1 - 10854 2 - 

9833  0000000010 010011001101001 0 3
9577 0 - 1641 1 - 10857 2 - 

9834  0000000010 010011001101010 0 3
9578 0 - 1642 1 - 10858 2 - 

9877  0000000010 010011010010101 0 3
9813 0 - 1685 1 - 9893 2 - 

9878  0000000010 010011010010110 0 3
9814 0 - 1686 1 - 9894 2 - 

9881  0000000010 010011010011001 0 3
9817 0 - 1689 1 - 9897 2 - 

9882  0000000010 010011010011010 0 3
9818 0 - 1690 1 - 9898 2 - 

9893  0000000010 010011010100101 0 3
9829 0 - 1701 1 - 10917 2 - 

9894  0000000010 010011010100110 0 3
9830 0 - 1702 1 - 10918 2 - 

9897  0000000010 010011010101001 0 3
9833 0 - 1705 1 - 10921 2 - 

9898  0000000010 010011010101010 0 3
9834 0 - 1706 1 - 10922 2 - 

10280  1000000010 010100000101000 0 2
10282 0 + 2088 1 - 

10282  1000000010 010100000101010 0 2
10794 0 + 2090 1 - 

10344  0000000010 010100001101000 0 3
8296 0 - 2152 1 - 10280 2 - 

10345  0000000010 010100001101001 0 3
8297 0 - 2153 1 - 10344 2 - 

10346  0000000010 010100001101010 0 3
10344 0 - 2154 1 - 10282 2 - 

10581  0000000010 010100101010101 0 3
9557 0 - 2389 1 - 10597 2 - 

10582  0000000010 010100101010110 0 3
10581 0 - 2390 1 - 10598 2 - 

10585  0000000010 010100101011001 0 3
9561 0 - 2393 1 - 10601 2 - 

10586  0000000010 010100101011010 0 3
10585 0 - 2394 1 - 10602 2 - 

10597  0000000010 010100101100101 0 3
8549 0 - 2405 1 - 10601 2 - 

10598  0000000010 010100101100110 0 3
10597 0 - 2406 1 - 10602 2 - 

10601  0000000010 010100101101001 0 3
8553 0 - 2409 1 - 10345 2 - 

10602  0000000010 010100101101010 0 3
10601 0 - 2410 1 - 10346 2 - 

10645  0000000010 010100110010101 0 3
10581 0 - 2453 1 - 10661 2 - 

10646  0000000010 010100110010110 0 3
10582 0 - 2454 1 - 10662 2 - 

10649  0000000010 010100110011001 0 3
10585 0 - 2457 1 - 10665 2 - 

10650  0000000010 010100110011010 0 3
10586 0 - 2458 1 - 10666 2 - 

10661  0000000010 010100110100101 0 3
10597 0 - 2469 1 - 10665 2 - 

10662  0000000010 010100110100110 0 3
10598 0 - 2470 1 - 10666 2 - 

10665  0000000010 010100110101001 0 3
10601 0 - 2473 1 - 10921 2 - 

10666  0000000010 010100110101010 0 3
10602 0 - 2474 1 - 10922 2 - 

10794  1000000010 010101000101010 0 2
10922 0 + 2602 1 - 

10837  0000000010 010101001010101 0 3
10581 0 - 2645 1 - 10853 2 - 

10838  0000000010 010101001010110 0 3
10582 0 - 2646 1 - 10854 2 - 

10841  0000000010 010101001011001 0 3
10585 0 - 2649 1 - 10857 2 - 

10842  0000000010 010101001011010 0 3
10586 0 - 2650 1 - 10858 2 - 

10853  0000000010 010101001100101 0 3
10597 0 - 2661 1 - 10857 2 - 

10854  0000000010 010101001100110 0 3
10598 0 - 2662 1 - 10858 2 - 

10857  0000000010 010101001101001 0 3
10345 0 - 2665 1 - 10858 2 - 

10858  0000000010 010101001101010 0 3
10346 0 - 2666 1 - 10794 2 - 

10901  0000000010 010101010010101 0 3
10837 0 - 2709 1 - 10917 2 - 

10902  0000000010 010101010010110 0 3
10838 0 - 2710 1 - 10918 2 - 

10905  0000000010 010101010011001 0 3
10841 0 - 2713 1 - 10921 2 - 

10906  0000000010 010101010011010 0 3
10842 0 - 2714 1 - 10922 2 - 

10917  0000000010 010101010100101 0 3
10853 0 - 2725 1 - 10921 2 - 

10918  0000000010 010101010100110 0 3
10854 0 - 2726 1 - 10922 2 - 

10921  0000000010 010101010101001 0 3
10857 0 - 2729 1 - 10922 2 - 

10922  0000000010 010101010101010 0 2
10794 0 - 2730 1 - 

12288  0111111111 011000000000000 0 2
28672 1 + 12352 2 + 

12320  0111110011 011000000100000 0 3
12288 0 - 28704 1 + 12384 2 + 

12328  0111110011 011000000101000 0 3
12320 0 - 28712 1 + 12392 2 + 

12352  0111111111 011000001000000 0 2
28736 1 + 12353 2 + 

12353  0111111111 011000001000001 1 2
28737 1 + 12609 2 + 

12384  0111110011 011000001100000 0 3
12352 0 - 28768 1 + 12385 2 + 

12385  0111110011 011000001100001 0 3
12353 0 - 28769 1 + 12641 2 + 

12392  0111110011 011000001101000 0 3
12384 0 - 28776 1 + 12393 2 + 

12393  0111110011 011000001101001 0 3
12385 0 - 28777 1 + 12649 2 + 

12609  0000001111 011000101000001 1 3
4417 1 - 12353 2 - 8513 3 - 

12613  0000000011 011000101000101 0 3
4421 1 - 12609 2 - 8517 3 - 

12641  0000000011 011000101100001 0 4
12609 0 - 4449 1 - 12385 2 - 8545 3 - 

12645  0000000011 011000101100101 0 4
12613 0 - 4453 1 - 12641 2 - 8549 3 - 

12649  0000000011 011000101101001 0 4
12641 0 - 4457 1 - 12393 2 - 8553 3 - 

13637  0000000011 011010101000101 0 3
5445 1 - 12613 2 - 9541 3 - 

13653  0000000011 011010101010101 0 3
5461 1 - 13637 2 - 9557 3 - 

13654  0000000011 011010101010110 0 4
13653 0 - 5462 1 - 13670 2 - 9558 3 - 

13657  0000000011 011010101011001 0 4
13653 0 - 5465 1 - 13673 2 - 9561 3 - 

13658  0000000011 011010101011010 0 4
13657 0 - 5466 1 - 13674 2 - 9562 3 - 

13669  0000000011 011010101100101 0 4
13637 0 - 5477 1 - 12645 2 - 9573 3 - 

13670  0000000011 011010101100110 0 4
13669 0 - 5478 1 - 14694 2 - 9574 3 - 

13673  0000000011 011010101101001 0 4
13669 0 - 5481 1 - 12649 2 - 9577 3 - 

13674  0000000011 011010101101010 0 4
13673 0 - 5482 1 - 14698 2 - 9578 3 - 

13717  0000000011 011010110010101 0 4
13653 0 - 5525 1 - 13733 2 - 9621 3 - 

13718  0000000011 011010110010110 0 4
13654 0 - 5526 1 - 13734 2 - 9622 3 - 

13721  0000000011 011010110011001 0 4
13657 0 - 5529 1 - 13737 2 - 9625 3 - 

13722  0000000011 011010110011010 0 4
13658 0 - 5530 1 - 13738 2 - 9626 3 - 

13733  0000000011 011010110100101 0 4
13669 0 - 5541 1 - 14757 2 - 9637 3 - 

13734  0000000011 011010110100110 0 4
13670 0 - 5542 1 - 14758 2 - 9638 3 - 

13737  0000000011 011010110101001 0 4
13673 0 - 5545 1 - 14761 2 - 9641 3 - 

13738  0000000011 011010110101010 0 4
13674 0 - 5546 1 - 14762 2 - 9642 3 - 

13909  0000000011 011011001010101 0 4
13653 0 - 5717 1 - 13925 2 - 9813 3 - 

13910  0000000011 011011001010110 0 4
13654 0 - 5718 1 - 13926 2 - 9814 3 - 

13913  0000000011 011011001011001 0 4
13657 0 - 5721 1 - 13929 2 - 9817 3 - 

13914  0000000011 011011001011010 0 4
13658 0 - 5722 1 - 13930 2 - 9818 3 - 

13925  0000000011 011011001100101 0 4
13669 0 - 5733 1 - 14949 2 - 9829 3 - 

13926  0000000011 011011001100110 0 4
13670 0 - 5734 1 - 14950 2 - 9830 3 - 

13929  0000000011 011011001101001 0 4
13673 0 - 5737 1 - 14953 2 - 9833 3 - 

13930  0000000011 011011001101010 0 4
13674 0 - 5738 1 - 14954 2 - 9834 3 - 

13973  0000000011 011011010010101 0 4
13909 0 - 5781 1 - 13989 2 - 9877 3 - 

13974  0000000011 011011010010110 0 4
13910 0 - 5782 1 - 13990 2 - 9878 3 - 

13977  0000000011 011011010011001 0 4
13913 0 - 5785 1 - 13993 2 - 9881 3 - 

13978  0000000011 011011010011010 0 4
13914 0 - 5786 1 - 13994 2 - 9882 3 - 

13989  0000000011 011011010100101 0 4
13925 0 - 5797 1 - 15013 2 - 9893 3 - 

13990  0000000011 011011010100110 0 4
13926 0 - 5798 1 - 15014 2 - 9894 3 - 

13993  0000000011 011011010101001 0 4
13929 0 - 5801 1 - 15017 2 - 9897 3 - 

13994  0000000011 011011010101010 0 4
13930 0 - 5802 1 - 15018 2 - 9898 3 - 

14376  1000000011 011100000101000 0 3
14378 0 + 6184 1 - 10280 3 - 

14378  1000000011 011100000101010 0 3
14890 0 + 6186 1 - 10282 3 - 

14440  0000000011 011100001101000 0 4
12392 0 - 6248 1 - 14376 2 - 10344 3 - 

14441  0000000011 011100001101001 0 4
12393 0 - 6249 1 - 14440 2 - 10345 3 - 

14442  0000000011 011100001101010 0 4
14440 0 - 6250 1 - 14378 2 - 10346 3 - 

14677  0000000011 011100101010101 0 4
13653 0 - 6485 1 - 14693 2 - 10581 3 - 

14678  0000000011 011100101010110 0 4
14677 0 - 6486 1 - 14694 2 - 10582 3 - 

14681  0000000011 011100101011001 0 4
13657 0 - 6489 1 - 14697 2 - 10585 3 - 

14682  0000000011 011100101011010 0 4
14681 0 - 6490 1 - 14698 2 - 10586 3 - 

14693  0000000011 011100101100101 0 4
12645 0 - 6501 1 - 14697 2 - 10597 3 - 

14694  0000000011 011100101100110 0 4
14693 0 - 6502 1 - 14698 2 - 10598 3 - 

14697  0000000011 011100101101001 0 4
12649 0 - 6505 1 - 14441 2 - 10601 3 - 

14698  0000000011 011100101101010 0 4
14697 0 - 6506 1 - 14442 2 - 10602 3 - 

14741  0000000011 011100110010101 0 4
14677 0 - 6549 1 - 14757 2 - 10645 3 - 

14742  0000000011 011100110010110 0 4
14678 0 - 6550 1 - 14758 2 - 10646 3 - 

14745  0000000011 011100110011001 0 4
14681 0 - 6553 1 - 14761 2 - 10649 3 - 

14746  0000000011 011100110011010 0 4
14682 0 - 6554 1 - 14762 2 - 10650 3 - 

14757  0000000011 011100110100101 0 4
14693 0 - 6565 1 - 14761 2 - 10661 3 - 

14758  0000000011 011100110100110 0 4
14694 0 - 6566 1 - 14762 2 - 10662 3 - 

14761  0000000011 011100110101001 0 4
14697 0 - 6569 1 - 15017 2 - 10665 3 - 

14762  0000000011 011100110101010 0 4
14698 0 - 6570 1 - 15018 2 - 10666 3 - 

14890  1000000011 011101000101010 0 3
15018 0 + 6698 1 - 10794 3 - 

14933  0000000011 011101001010101 0 4
14677 0 - 6741 1 - 14949 2 - 10837 3 - 

14934  0000000011 011101001010110 0 4
14678 0 - 6742 1 - 14950 2 - 10838 3 - 

14937  0000000011 011101001011001 0 4
14681 0 - 6745 1 - 14953 2 - 10841 3 - 

14938  0000000011 011101001011010 0 4
14682 0 - 6746 1 - 14954 2 - 10842 3 - 

14949  0000000011 011101001100101 0 4
14693 0 - 6757 1 - 14953 2 - 10853 3 - 

14950  0000000011 011101001100110 0 4
14694 0 - 6758 1 - 14954 2 - 10854 3 - 

14953  0000000011 011101001101001 0 4
14441 0 - 6761 1 - 14954 2 - 10857 3 - 

14954  0000000011 011101001101010 0 4
14442 0 - 6762 1 - 14890 2 - 10858 3 - 

14997  0000000011 011101010010101 0 4
14933 0 - 6805 1 - 15013 2 - 10901 3 - 

14998  0000000011 011101010010110 0 4
14934 0 - 6806 1 - 15014 2 - 10902 3 - 

15001  0000000011 011101010011001 0 4
14937 0 - 6809 1 - 15017 2 - 10905 3 - 

15002  0000000011 011101010011010 0 4
14938 0 - 6810 1 - 15018 2 - 10906 3 - 

15013  0000000011 011101010100101 0 4
14949 0 - 6821 1 - 15017 2 - 10917 3 - 

15014  0000000011 011101010100110 0 4
14950 0 - 6822 1 - 15018 2 - 10918 3 - 

15017  0000000011 011101010101001 0 4
14953 0 - 6825 1 - 15018 2 - 10921 3 - 

15018  0000000011 011101010101010 0 3
14890 0 - 6826 1 - 10922 3 - 

24576  1111111110 110000000000000 0 3
24608 0 + 24640 2 + 28672 3 + 

24608  1111110010 110000000100000 0 3
24616 0 + 24672 2 + 28704 3 + 

24616  1111110010 110000000101000 0 3
26664 0 + 24680 2 + 28712 3 + 

24640  0111111110 110000001000000 0 2
24641 2 + 28736 3 + 

24641  0111111110 110000001000001 1 2
24897 2 + 28737 3 + 

24672  0111110010 110000001100000 0 3
24640 0 - 24673 2 + 28768 3 + 

24673  0111110010 110000001100001 0 3
24641 0 - 24929 2 + 28769 3 + 

24680  0111110010 110000001101000 0 3
24672 0 - 24681 2 + 28776 3 + 

24681  0111110010 110000001101001 0 3
24673 0 - 24937 2 + 28777 3 + 

24897  0000001110 110000101000001 1 2
8513 1 - 24641 2 - 

24901  0000000010 110000101000101 0 2
8517 1 - 24897 2 - 

24929  0000000010 110000101100001 0 3
24897 0 - 8545 1 - 24673 2 - 

24933  0000000010 110000101100101 0 3
24901 0 - 8549 1 - 24929 2 - 

24937  0000000010 110000101101001 0 3
24929 0 - 8553 1 - 24681 2 - 

25925  0000000010 110010101000101 0 2
9541 1 - 24901 2 - 

25941  0000000010 110010101010101 0 2
9557 1 - 25925 2 - 

25942  0000000010 110010101010110 0 3
25941 0 - 9558 1 - 25958 2 - 

25945  0000000010 110010101011001 0 3
25941 0 - 9561 1 - 25961 2 - 

25946  0000000010 110010101011010 0 3
25945 0 - 9562 1 - 25962 2 - 

25957  0000000010 110010101100101 0 3
25925 0 - 9573 1 - 24933 2 - 

25958  0000000010 110010101100110 0 3
25957 0 - 9574 1 - 26982 2 - 

25961  0000000010 110010101101001 0 3
25957 0 - 9577 1 - 24937 2 - 

25962  0000000010 110010101101010 0 3
25961 0 - 9578 1 - 26986 2 - 

26005  0000000010 110010110010101 0 3
25941 0 - 9621 1 - 26021 2 - 

26006  0000000010 110010110010110 0 3
25942 0 - 9622 1 - 26022 2 - 

26009  0000000010 110010110011001 0 3
25945 0 - 9625 1 - 26025 2 - 

26010  0000000010 110010110011010 0 3
25946 0 - 9626 1 - 26026 2 - 

26021  0000000010 110010110100101 0 3
25957 0 - 9637 1 - 27045 2 - 

26022  0000000010 110010110100110 0 3
25958 0 - 9638 1 - 27046 2 - 

26025  0000000010 110010110101001 0 3
25961 0 - 9641 1 - 27049 2 - 

26026  0000000010 110010110101010 0 3
25962 0 - 9642 1 - 27050 2 - 

26197  0000000010 110011001010101 0 3
25941 0 - 9813 1 - 26213 2 - 

26198  0000000010 110011001010110 0 3
25942 0 - 9814 1 - 26214 2 - 

26201  0000000010 110011001011001 0 3
25945 0 - 9817 1 - 26217 2 - 

26202  0000000010 110011001011010 0 3
25946 0 - 9818 1 - 26218 2 - 

26213  0000000010 110011001100101 0 3
25957 0 - 9829 1 - 27237 2 - 

26214  0000000010 110011001100110 0 3
25958 0 - 9830 1 - 27238 2 - 

26217  0000000010 110011001101001 0 3
25961 0 - 9833 1 - 27241 2 - 

26218  0000000010 110011001101010 0 3
25962 0 - 9834 1 - 27242 2 - 

26261  0000000010 110011010010101 0 3
26197 0 - 9877 1 - 26277 2 - 

26262  0000000010 110011010010110 0 3
26198 0 - 9878 1 - 26278 2 - 

26265  0000000010 110011010011001 0 3
26201 0 - 9881 1 - 26281 2 - 

26266  0000000010 110011010011010 0 3
26202 0 - 9882 1 - 26282 2 - 

26277  0000000010 110011010100101 0 3
26213 0 - 9893 1 - 27301 2 - 

26278  0000000010 110011010100110 0 3
26214 0 - 9894 1 - 27302 2 - 

26281  0000000010 110011010101001 0 3
26217 0 - 9897 1 - 27305 2 - 

26282  0000000010 110011010101010 0 3
26218 0 - 9898 1 - 27306 2 - 

26664  1000000010 110100000101000 0 2
26666 0 + 10280 1 - 

26666  1000000010 110100000101010 0 2
27178 0 + 10282 1 - 

26728  0000000010 110100001101000 0 3
24680 0 - 10344 1 - 26664 2 - 

26729  0000000010 110100001101001 0 3
24681 0 - 10345 1 - 26728 2 - 

26730  0000000010 110100001101010 0 3
26728 0 - 10346 1 - 26666 2 - 

26965  0000000010 110100101010101 0 3
25941 0 - 10581 1 - 26981 2 - 

26966  0000000010 110100101010110 0 3
26965 0 - 10582 1 - 26982 2 - 

26969  0000000010 110100101011001 0 3
25945 0 - 10585 1 - 26985 2 - 

26970  0000000010 110100101011010 0 3
26969 0 - 10586 1 - 26986 2 - 

26981  0000000010 110100101100101 0 3
24933 0 - 10597 1 - 26985 2 - 

26982  0000000010 110100101100110 0 3
26981 0 - 10598 1 - 26986 2 - 

26985  0000000010 110100101101001 0 3
24937 0 - 10601 1 - 26729 2 - 

26986  0000000010 110100101101010 0 3
26985 0 - 10602 1 - 26730 2 - 

27029  0000000010 110100110010101 0 3
26965 0 - 10645 1 - 27045 2 - 

27030  0000000010 110100110010110 0 3
26966 0 - 10646 1 - 27046 2 - 

27033  0000000010 110100110011001 0 3
26969 0 - 10649 1 - 27049 2 - 

27034  0000000010 110100110011010 0 3
26970 0 - 10650 1 - 27050 2 - 

27045  0000000010 110100110100101 0 3
26981 0 - 10661 1 - 27049 2 - 

27046  0000000010 110100110100110 0 3
26982 0 - 10662 1 - 27050 2 - 

27049  0000000010 110100110101001 0 3
26985 0 - 10665 1 - 27305 2 - 

27050  0000000010 110100110101010 0 3
26986 0 - 10666 1 - 27306 2 - 

27178  1000000010 110101000101010 0 2
27306 0 + 10794 1 - 

27221  0000000010 110101001010101 0 3
26965 0 - 10837 1 - 27237 2 - 

27222  0000000010 110101001010110 0 3
26966 0 - 10838 1 - 27238 2 - 

27225  0000000010 110101001011001 0 3
26969 0 - 10841 1 - 27241 2 - 

27226  0000000010 110101001011010 0 3
26970 0 - 10842 1 - 27242 2 - 

27237  0000000010 110101001100101 0 3
26981 0 - 10853 1 - 27241 2 - 

27238  0000000010 110101001100110 0 3
26982 0 - 10854 1 - 27242 2 - 

27241  0000000010 110101001101001 0 3
26729 0 - 10857 1 - 27242 2 - 

27242  0000000010 110101001101010 0 3
26730 0 - 10858 1 - 27178 2 - 

27285  0000000010 110101010010101 0 3
27221 0 - 10901 1 - 27301 2 - 

27286  0000000010 110101010010110 0 3
27222 0 - 10902 1 - 27302 2 - 

27289  0000000010 110101010011001 0 3
27225 0 - 10905 1 - 27305 2 - 

27290  0000000010 110101010011010 0 3
27226 0 - 10906 1 - 27306 2 - 

27301  0000000010 110101010100101 0 3
27237 0 - 10917 1 - 27305 2 - 

27302  0000000010 110101010100110 0 3
27238 0 - 10918 1 - 27306 2 - 

27305  0000000010 110101010101001 0 3
27241 0 - 10921 1 - 27306 2 - 

27306  0000000010 110101010101010 0 2
27178 0 - 10922 1 - 

28672  1111111111 111000000000000 0 2
28704 0 + 28736 2 + 

28704  1111110011 111000000100000 0 2
28712 0 + 28768 2 + 

28712  1111110011 111000000101000 0 2
30760 0 + 28776 2 + 

28736  0111111111 111000001000000 0 1
28737 2 + 

28737  0111111111 111000001000001 1 1
28993 2 + 

28768  0111110011 111000001100000 0 2
28736 0 - 28769 2 + 

28769  0111110011 111000001100001 0 2
28737 0 - 29025 2 + 

28776  0111110011 111000001101000 0 2
28768 0 - 28777 2 + 

28777  0111110011 111000001101001 0 2
28769 0 - 29033 2 + 

28993  0000001111 111000101000001 1 3
12609 1 - 28737 2 - 24897 3 - 

28997  0000000011 111000101000101 0 3
12613 1 - 28993 2 - 24901 3 - 

29025  0000000011 111000101100001 0 4
28993 0 - 12641 1 - 28769 2 - 24929 3 - 

29029  0000000011 111000101100101 0 4
28997 0 - 12645 1 - 29025 2 - 24933 3 - 

29033  0000000011 111000101101001 0 4
29025 0 - 12649 1 - 28777 2 - 24937 3 - 

30021  0000000011 111010101000101 0 3
13637 1 - 28997 2 - 25925 3 - 

30037  0000000011 111010101010101 0 3
13653 1 - 30021 2 - 25941 3 - 

30038  0000000011 111010101010110 0 4
30037 0 - 13654 1 - 30054 2 - 25942 3 - 

30041  0000000011 111010101011001 0 4
30037 0 - 13657 1 - 30057 2 - 25945 3 - 

30042  0000000011 111010101011010 0 4
30041 0 - 13658 1 - 30058 2 - 25946 3 - 

30053  0000000011 111010101100101 0 4
30021 0 - 13669 1 - 29029 2 - 25957 3 - 

30054  0000000011 111010101100110 0 4
30053 0 - 13670 1 - 31078 2 - 25958 3 - 

30057  0000000011 111010101101001 0 4
30053 0 - 13673 1 - 29033 2 - 25961 3 - 

30058  0000000011 111010101101010 0 4
30057 0 - 13674 1 - 31082 2 - 25962 3 - 

30101  0000000011 111010110010101 0 4
30037 0 - 13717 1 - 30117 2 - 26005 3 - 

30102  0000000011 111010110010110 0 4
30038 0 - 13718 1 - 30118 2 - 26006 3 - 

30105  0000000011 111010110011001 0 4
30041 0 - 13721 1 - 30121 2 - 26009 3 - 

30106  0000000011 111010110011010 0 4
30042 0 - 13722 1 - 30122 2 - 26010 3 - 

30117  0000000011 111010110100101 0 4
30053 0 - 13733 1 - 31141 2 - 26021 3 - 

30118  0000000011 111010110100110 0 4
30054 0 - 13734 1 - 31142 2 - 26022 3 - 

30121  0000000011 111010110101001 0 4
30057 0 - 13737 1 - 31145 2 - 26025 3 - 

30122  0000000011 111010110101010 0 4
30058 0 - 13738 1 - 31146 2 - 26026 3 - 

30293  0000000011 111011001010101 0 4
30037 0 - 13909 1 - 30309 2 - 26197 3 - 

30294  0000000011 111011001010110 0 4
30038 0 - 13910 1 - 30310 2 - 26198 3 - 

30297  0000000011 111011001011001 0 4
30041 0 - 13913 1 - 30313 2 - 26201 3 - 

30298  0000000011 111011001011010 0 4
30042 0 - 13914 1 - 30314 2 - 26202 3 - 

30309  0000000011 111011001100101 0 4
30053 0 - 13925 1 - 31333 2 - 26213 3 - 

30310  0000000011 111011001100110 0 4
30054 0 - 13926 1 - 31334 2 - 26214 3 - 

30313  0000000011 111011001101001 0 4
30057 0 - 13929 1 - 31337 2 - 26217 3 - 

30314  0000000011 111011001101010 0 4
30058 0 - 13930 1 - 31338 2 - 26218 3 - 

30357  0000000011 111011010010101 0 4
30293 0 - 13973 1 - 30373 2 - 26261 3 - 

30358  0000000011 111011010010110 0 4
30294 0 - 13974 1 - 30374 2 - 26262 3 - 

30361  0000000011 111011010011001 0 4
30297 0 - 13977 1 - 30377 2 - 26265 3 - 

30362  0000000011 111011010011010 0 4
30298 0 - 13978 1 - 30378 2 - 26266 3 - 

30373  0000000011 111011010100101 0 4
30309 0 - 13989 1 - 31397 2 - 26277 3 - 

30374  0000000011 111011010100110 0 4
30310 0 - 13990 1 - 31398 2 - 26278 3 - 

30377  0000000011 111011010101001 0 4
30313 0 - 13993 1 - 31401 2 - 26281 3 - 

30378  0000000011 111011010101010 0 4
30314 0 - 13994 1 - 31402 2 - 26282 3 - 

30760  1000000011 111100000101000 0 3
30762 0 + 14376 1 - 26664 3 - 

30762  1000000011 111100000101010 0 3
31274 0 + 14378 1 - 26666 3 - 

30824  0000000011 111100001101000 0 4
28776 0 - 14440 1 - 30760 2 - 26728 3 - 

30825  0000000011 111100001101001 0 4
28777 0 - 14441 1 - 30824 2 - 26729 3 - 

30826  0000000011 111100001101010 0 4
30824 0 - 14442 1 - 30762 2 - 26730 3 - 

31061  0000000011 111100101010101 0 4
30037 0 - 14677 1 - 31077 2 - 26965 3 - 

31062  0000000011 111100101010110 0 4
31061 0 - 14678 1 - 31078 2 - 26966 3 - 

31065  0000000011 111100101011001 0 4
30041 0 - 14681 1 - 31081 2 - 26969 3 - 

31066  0000000011 111100101011010 0 4
31065 0 - 14682 1 - 31082 2 - 26970 3 - 

31077  0000000011 111100101100101 0 4
29029 0 - 14693 1 - 31081 2 - 26981 3 - 

31078  0000000011 111100101100110 0 4
31077 0 - 14694 1 - 31082 2 - 26982 3 - 

31081  0000000011 111100101101001 0 4
29033 0 - 14697 1 - 30825 2 - 26985 3 - 

31082  0000000011 111100101101010 0 4
31081 0 - 14698 1 - 30826 2 - 26986 3 - 

31125  0000000011 111100110010101 0 4
31061 0 - 14741 1 - 31141 2 - 27029 3 - 

31126  0000000011 111100110010110 0 4
31062 0 - 14742 1 - 31142 2 - 27030 3 - 

31129  0000000011 111100110011001 0 4
31065 0 - 14745 1 - 31145 2 - 27033 3 - 

31130  0000000011 111100110011010 0 4
31066 0 - 14746 1 - 31146 2 - 27034 3 - 

31141  0000000011 111100110100101 0 4
31077 0 - 14757 1 - 31145 2 - 27045 3 - 

31142  0000000011 111100110100110 0 4
31078 0 - 14758 1 - 31146 2 - 27046 3 - 

31145  0000000011 111100110101001 0 4
31081 0 - 14761 1 - 31401 2 - 27049 3 - 

31146  0000000011 111100110101010 0 4
31082 0 - 14762 1 - 31402 2 - 27050 3 - 

31274  1000000011 111101000101010 0 3
31402 0 + 14890 1 - 27178 3 - 

31317  0000000011 111101001010101 0 4
31061 0 - 14933 1 - 31333 2 - 27221 3 - 

31318  0000000011 111101001010110 0 4
31062 0 - 14934 1 - 31334 2 - 27222 3 - 

31321  0000000011 111101001011001 0 4
31065 0 - 14937 1 - 31337 2 - 27225 3 - 

31322  0000000011 111101001011010 0 4
31066 0 - 14938 1 - 31338 2 - 27226 3 - 

31333  0000000011 111101001100101 0 4
31077 0 - 14949 1 - 31337 2 - 27237 3 - 

31334  0000000011 111101001100110 0 4
31078 0 - 14950 1 - 31338 2 - 27238 3 - 

31337  0000000011 111101001101001 0 4
30825 0 - 14953 1 - 31338 2 - 27241 3 - 

31338  0000000011 111101001101010 0 4
30826 0 - 14954 1 - 31274 2 - 27242 3 - 

31381  0000000011 111101010010101 0 4
31317 0 - 14997 1 - 31397 2 - 27285 3 - 

31382  0000000011 111101010010110 0 4
31318 0 - 14998 1 - 31398 2 - 27286 3 - 

31385  0000000011 111101010011001 0 4
31321 0 - 15001 1 - 31401 2 - 27289 3 - 

31386  0000000011 111101010011010 0 4
31322 0 - 15002 1 - 31402 2 - 27290 3 - 

31397  0000000011 111101010100101 0 4
31333 0 - 15013 1 - 31401 2 - 27301 3 - 

31398  0000000011 111101010100110 0 4
31334 0 - 15014 1 - 31402 2 - 27302 3 - 

31401  0000000011 111101010101001 0 4
31337 0 - 15017 1 - 31402 2 - 27305 3 - 

31402  0000000011 111101010101010 0 3
31274 0 - 15018 1 - 27306 3 - 

