18
1 1 5 5 3 3 0 0 -1 -1 -1 -1 6 6 2 2 4 4 

3
cI cII cro 
1 3
bcII{cII} bOR1{cI,cro} bOR2{cI,cro} bOR3{cI,cro} 
1 0 2 0 2 0 2 

7 4 4 

0 6 5 4 3 2 1 
4 3 2 1 
4 3 2 1 

0 1 1 1 1 1 1 1 1 1 1 1 1 1 1 1 0 0 0 0 0 0 0 0 0 0 0 0 0 0 0 0 0 0 0 0 0 0 0 0 0 0 0 0 0 0 0 0 0 0 0 0 0 0 0 0 0 0 0 0 0 0 0 0 1 1 1 1 1 1 1 1 1 1 1 1 1 1 1 1 0 0 0 0 0 0 0 0 0 0 0 0 0 0 0 0 0 0 0 0 0 0 0 0 0 0 0 0 0 0 0 0 0 0 0 0 0 0 0 0 0 0 0 0 0 0 0 0 
1 0 0 0 0 0 0 0 0 0 0 0 0 0 0 0 
1 0 0 0 0 0 0 0 0 0 0 0 0 0 0 0 


10 30 128
3
34 2 1 65 4 1 96 2 0 
32 34 
1 17 65 81 
96 98 

0
0 0
0 1 1 
0 0 0 0 0 0 0 
2
64 1 1 2 

1
65 0
0 1 1 
0 0 0 0 0 0 1 
2
65 1 17 2 

17
65 0
0 0 0 
0 0 1 0 0 0 1 
1
1 2 

18
18 18
0 0 0 
0 0 1 0 0 1 0 
2
17 0 34 2 

21
21 21
0 0 0 
0 0 1 0 1 0 1 
1
17 2 

22
22 22
0 0 0 
0 0 1 0 1 1 0 
2
21 0 18 2 

25
25 25
0 0 0 
0 0 1 1 0 0 1 
2
17 0 41 2 

26
26 26
0 0 0 
0 0 1 1 0 1 0 
2
18 0 42 2 

32
34 0
1 0 0 
0 1 0 0 0 0 0 
1
34 0 

33
33 25
0 0 0 
0 1 0 0 0 0 1 
2
1 0 32 2 

34
34 0
0 0 0 
0 1 0 0 0 1 0 
1
32 0 

37
37 37
0 0 0 
0 1 0 0 1 0 1 
2
21 0 33 2 

38
38 38
0 0 0 
0 1 0 0 1 1 0 
2
37 0 34 2 

41
41 25
0 0 0 
0 1 0 1 0 0 1 
2
33 0 42 2 

42
42 25
0 0 0 
0 1 0 1 0 1 0 
1
34 0 

64
64 0
1 1 1 
1 0 0 0 0 0 0 
2
96 0 65 2 

65
65 0
0 1 1 
1 0 0 0 0 0 1 
1
81 2 

81
65 0
0 0 0 
1 0 1 0 0 0 1 
2
17 1 65 2 

82
82 82
0 0 0 
1 0 1 0 0 1 0 
3
81 0 18 1 98 2 

85
85 85
0 0 0 
1 0 1 0 1 0 1 
2
21 1 81 2 

86
86 86
0 0 0 
1 0 1 0 1 1 0 
3
85 0 22 1 82 2 

89
89 89
0 0 0 
1 0 1 1 0 0 1 
3
81 0 25 1 105 2 

90
90 90
0 0 0 
1 0 1 1 0 1 0 
3
82 0 26 1 106 2 

96
96 0
1 0 0 
1 1 0 0 0 0 0 
2
98 0 32 1 

97
97 89
0 0 0 
1 1 0 0 0 0 1 
3
65 0 33 1 96 2 

98
96 0
0 0 0 
1 1 0 0 0 1 0 
2
96 0 34 1 

101
101 101
0 0 0 
1 1 0 0 1 0 1 
3
85 0 37 1 97 2 

102
102 102
0 0 0 
1 1 0 0 1 1 0 
3
101 0 38 1 98 2 

105
105 89
0 0 0 
1 1 0 1 0 0 1 
3
97 0 41 1 106 2 

106
106 89
0 0 0 
1 1 0 1 0 1 0 
2
98 0 42 1 

