18
1 1 5 5 3 3 0 0 -1 -1 -1 -1 2 2 4 4 6 6 

3
cI cII cro 
1 3
bcII{cII} bOR1{cI,cro} bOR2{cI,cro} bOR3{cI,cro} 
1 0 2 0 2 0 2 

7 4 4 

0 6 5 4 3 2 1 
4 3 2 1 
4 3 2 1 

0 1 1 1 1 1 1 1 1 1 1 1 1 1 1 1 0 0 0 0 0 0 0 0 0 0 0 0 0 0 0 0 0 0 0 0 0 0 0 0 0 0 0 0 0 0 0 0 0 0 0 0 0 0 0 0 0 0 0 0 0 0 0 0 1 1 1 1 1 1 1 1 1 1 1 1 1 1 1 1 0 0 0 0 0 0 0 0 0 0 0 0 0 0 0 0 0 0 0 0 0 0 0 0 0 0 0 0 0 0 0 0 0 0 0 0 0 0 0 0 0 0 0 0 0 0 0 0 
1 0 0 0 0 0 0 0 0 0 0 0 0 0 0 0 
1 0 0 0 0 0 0 0 0 0 0 0 0 0 0 0 


10 30 128
7
0 6 2 20 2 0 34 2 1 36 2 0 84 2 0 96 2 0 100 2 0 
0 16 18 64 80 82 
20 22 
32 34 
36 38 
84 86 
96 98 
100 102 

0
0 0
0 1 1 
0 0 0 0 0 0 0 
2
64 1 16 2 

16
0 0
1 0 0 
0 0 1 0 0 0 0 
2
18 0 0 2 

18
0 0
0 0 0 
0 0 1 0 0 1 0 
2
16 0 34 2 

20
20 20
1 0 0 
0 0 1 0 1 0 0 
2
22 0 16 2 

21
21 21
0 0 0 
0 0 1 0 1 0 1 
1
20 2 

22
20 20
0 0 0 
0 0 1 0 1 1 0 
2
20 0 18 2 

25
25 25
0 0 0 
0 0 1 1 0 0 1 
2
21 0 26 2 

26
26 25
0 0 0 
0 0 1 1 0 1 0 
2
18 0 42 2 

32
34 0
1 0 0 
0 1 0 0 0 0 0 
1
34 0 

34
34 0
0 0 0 
0 1 0 0 0 1 0 
1
32 0 

36
36 36
1 0 0 
0 1 0 0 1 0 0 
2
38 0 32 2 

37
37 37
0 0 0 
0 1 0 0 1 0 1 
2
21 0 36 2 

38
36 36
0 0 0 
0 1 0 0 1 1 0 
2
36 0 34 2 

41
41 41
0 0 0 
0 1 0 1 0 0 1 
2
37 0 42 2 

42
42 25
0 0 0 
0 1 0 1 0 1 0 
1
34 0 

64
0 0
1 1 1 
1 0 0 0 0 0 0 
2
96 0 80 2 

80
0 0
1 0 0 
1 0 1 0 0 0 0 
3
82 0 16 1 64 2 

82
0 0
0 0 0 
1 0 1 0 0 1 0 
3
80 0 18 1 98 2 

84
84 84
1 0 0 
1 0 1 0 1 0 0 
3
86 0 20 1 80 2 

85
85 85
0 0 0 
1 0 1 0 1 0 1 
2
21 1 84 2 

86
84 84
0 0 0 
1 0 1 0 1 1 0 
3
84 0 22 1 82 2 

89
89 89
0 0 0 
1 0 1 1 0 0 1 
3
85 0 25 1 90 2 

90
90 89
0 0 0 
1 0 1 1 0 1 0 
3
82 0 26 1 106 2 

96
96 0
1 0 0 
1 1 0 0 0 0 0 
2
98 0 32 1 

98
96 0
0 0 0 
1 1 0 0 0 1 0 
2
96 0 34 1 

100
100 100
1 0 0 
1 1 0 0 1 0 0 
3
102 0 36 1 96 2 

101
101 101
0 0 0 
1 1 0 0 1 0 1 
3
85 0 37 1 100 2 

102
100 100
0 0 0 
1 1 0 0 1 1 0 
3
100 0 38 1 98 2 

105
105 105
0 0 0 
1 1 0 1 0 0 1 
3
101 0 41 1 106 2 

106
106 89
0 0 0 
1 1 0 1 0 1 0 
2
98 0 42 1 

