18
3 3 1 1 5 5 0 0 -1 -1 -1 -1 4 4 6 6 2 2 

3
cI cII cro 
1 3
bcII{cII} bOR1{cI,cro} bOR2{cI,cro} bOR3{cI,cro} 
1 0 2 0 2 0 2 

7 4 4 

0 6 5 4 3 2 1 
4 3 2 1 
4 3 2 1 

0 1 1 1 1 1 1 1 1 1 1 1 1 1 1 1 0 0 0 0 0 0 0 0 0 0 0 0 0 0 0 0 0 0 0 0 0 0 0 0 0 0 0 0 0 0 0 0 0 0 0 0 0 0 0 0 0 0 0 0 0 0 0 0 1 1 1 1 1 1 1 1 1 1 1 1 1 1 1 1 0 0 0 0 0 0 0 0 0 0 0 0 0 0 0 0 0 0 0 0 0 0 0 0 0 0 0 0 0 0 0 0 0 0 0 0 0 0 0 0 0 0 0 0 0 0 0 0 
1 0 0 0 0 0 0 0 0 0 0 0 0 0 0 0 
1 0 0 0 0 0 0 0 0 0 0 0 0 0 0 0 


14 30 128
5
0 4 2 38 2 0 42 2 1 100 2 0 104 2 0 
0 4 64 68 
36 38 
40 42 
100 102 
104 106 

0
0 0
0 1 1 
0 0 0 0 0 0 0 
2
64 1 4 2 

4
0 0
1 0 0 
0 0 0 0 1 0 0 
2
36 0 0 2 

5
5 5
0 0 0 
0 0 0 0 1 0 1 
1
4 2 

8
8 0
1 0 0 
0 0 0 1 0 0 0 
1
40 0 

9
9 9
0 0 0 
0 0 0 1 0 0 1 
2
5 0 8 2 

21
21 21
0 0 0 
0 0 1 0 1 0 1 
1
5 2 

22
22 22
0 0 0 
0 0 1 0 1 1 0 
2
21 0 38 2 

25
25 25
0 0 0 
0 0 1 1 0 0 1 
2
21 0 9 2 

26
26 26
0 0 0 
0 0 1 1 0 1 0 
2
25 0 42 2 

36
38 0
1 0 0 
0 1 0 0 1 0 0 
2
38 0 40 2 

37
37 37
0 0 0 
0 1 0 0 1 0 1 
2
5 0 36 2 

38
38 0
0 0 0 
0 1 0 0 1 1 0 
2
36 0 42 2 

40
42 0
1 0 0 
0 1 0 1 0 0 0 
1
42 0 

41
41 41
0 0 0 
0 1 0 1 0 0 1 
2
9 0 40 2 

42
42 0
0 0 0 
0 1 0 1 0 1 0 
1
40 0 

64
0 0
1 1 1 
1 0 0 0 0 0 0 
2
72 0 68 2 

68
0 0
1 0 0 
1 0 0 0 1 0 0 
3
100 0 4 1 64 2 

69
69 69
0 0 0 
1 0 0 0 1 0 1 
2
5 1 68 2 

72
72 0
1 0 0 
1 0 0 1 0 0 0 
2
104 0 8 1 

73
73 73
0 0 0 
1 0 0 1 0 0 1 
3
69 0 9 1 72 2 

85
85 85
0 0 0 
1 0 1 0 1 0 1 
2
21 1 69 2 

86
86 86
0 0 0 
1 0 1 0 1 1 0 
3
85 0 22 1 102 2 

89
89 89
0 0 0 
1 0 1 1 0 0 1 
3
85 0 25 1 73 2 

90
90 90
0 0 0 
1 0 1 1 0 1 0 
3
89 0 26 1 106 2 

100
100 0
1 0 0 
1 1 0 0 1 0 0 
3
102 0 36 1 104 2 

101
101 101
0 0 0 
1 1 0 0 1 0 1 
3
69 0 37 1 100 2 

102
100 0
0 0 0 
1 1 0 0 1 1 0 
3
100 0 38 1 106 2 

104
104 0
1 0 0 
1 1 0 1 0 0 0 
2
106 0 40 1 

105
105 105
0 0 0 
1 1 0 1 0 0 1 
3
73 0 41 1 104 2 

106
104 0
0 0 0 
1 1 0 1 0 1 0 
2
104 0 42 1 

