18
1 1 5 5 3 3 0 0 -1 -1 -1 -1 4 4 6 6 2 2 

3
cI cII cro 
1 3
bcII{cII} bOR1{cI,cro} bOR2{cI,cro} bOR3{cI,cro} 
1 0 2 0 2 0 2 

7 4 4 

0 6 5 4 3 2 1 
4 3 2 1 
4 3 2 1 

0 1 1 1 1 1 1 1 1 1 1 1 1 1 1 1 0 0 0 0 0 0 0 0 0 0 0 0 0 0 0 0 0 0 0 0 0 0 0 0 0 0 0 0 0 0 0 0 0 0 0 0 0 0 0 0 0 0 0 0 0 0 0 0 1 1 1 1 1 1 1 1 1 1 1 1 1 1 1 1 0 0 0 0 0 0 0 0 0 0 0 0 0 0 0 0 0 0 0 0 0 0 0 0 0 0 0 0 0 0 0 0 0 0 0 0 0 0 0 0 0 0 0 0 0 0 0 0 
1 0 0 0 0 0 0 0 0 0 0 0 0 0 0 0 
1 0 0 0 0 0 0 0 0 0 0 0 0 0 0 0 


12 28 128
5
0 4 2 34 2 1 38 2 0 96 2 0 100 2 0 
0 4 64 68 
32 34 
36 38 
96 98 
100 102 

0
0 0
0 1 1 
0 0 0 0 0 0 0 
2
64 1 4 2 

4
0 0
1 0 0 
0 0 0 0 1 0 0 
2
36 0 0 2 

5
5 5
0 0 0 
0 0 0 0 1 0 1 
1
4 2 

21
21 21
0 0 0 
0 0 1 0 1 0 1 
1
5 2 

22
22 22
0 0 0 
0 0 1 0 1 1 0 
2
21 0 38 2 

25
25 25
0 0 0 
0 0 1 1 0 0 1 
2
21 0 41 2 

26
26 26
0 0 0 
0 0 1 1 0 1 0 
2
22 0 42 2 

32
34 0
1 0 0 
0 1 0 0 0 0 0 
1
34 0 

34
34 0
0 0 0 
0 1 0 0 0 1 0 
1
32 0 

36
38 0
1 0 0 
0 1 0 0 1 0 0 
2
38 0 32 2 

37
37 25
0 0 0 
0 1 0 0 1 0 1 
2
5 0 36 2 

38
38 0
0 0 0 
0 1 0 0 1 1 0 
2
36 0 34 2 

41
41 25
0 0 0 
0 1 0 1 0 0 1 
2
37 0 42 2 

42
42 25
0 0 0 
0 1 0 1 0 1 0 
1
34 0 

64
0 0
1 1 1 
1 0 0 0 0 0 0 
2
96 0 68 2 

68
0 0
1 0 0 
1 0 0 0 1 0 0 
3
100 0 4 1 64 2 

69
69 69
0 0 0 
1 0 0 0 1 0 1 
2
5 1 68 2 

85
85 85
0 0 0 
1 0 1 0 1 0 1 
2
21 1 69 2 

86
86 86
0 0 0 
1 0 1 0 1 1 0 
3
85 0 22 1 102 2 

89
89 89
0 0 0 
1 0 1 1 0 0 1 
3
85 0 25 1 105 2 

90
90 90
0 0 0 
1 0 1 1 0 1 0 
3
86 0 26 1 106 2 

96
96 0
1 0 0 
1 1 0 0 0 0 0 
2
98 0 32 1 

98
96 0
0 0 0 
1 1 0 0 0 1 0 
2
96 0 34 1 

100
100 0
1 0 0 
1 1 0 0 1 0 0 
3
102 0 36 1 96 2 

101
101 89
0 0 0 
1 1 0 0 1 0 1 
3
69 0 37 1 100 2 

102
100 0
0 0 0 
1 1 0 0 1 1 0 
3
100 0 38 1 98 2 

105
105 89
0 0 0 
1 1 0 1 0 0 1 
3
101 0 41 1 106 2 

106
106 89
0 0 0 
1 1 0 1 0 1 0 
2
98 0 42 1 

