18
1 1 3 3 5 5 0 0 -1 -1 -1 -1 6 6 2 2 4 4 

3
cI cII cro 
1 3
bcII{cII} bOR1{cI,cro} bOR2{cI,cro} bOR3{cI,cro} 
1 0 2 0 2 0 2 

7 4 4 

0 6 5 4 3 2 1 
4 3 2 1 
4 3 2 1 

0 1 1 1 1 1 1 1 1 1 1 1 1 1 1 1 0 0 0 0 0 0 0 0 0 0 0 0 0 0 0 0 0 0 0 0 0 0 0 0 0 0 0 0 0 0 0 0 0 0 0 0 0 0 0 0 0 0 0 0 0 0 0 0 1 1 1 1 1 1 1 1 1 1 1 1 1 1 1 1 0 0 0 0 0 0 0 0 0 0 0 0 0 0 0 0 0 0 0 0 0 0 0 0 0 0 0 0 0 0 0 0 0 0 0 0 0 0 0 0 0 0 0 0 0 0 0 0 
1 0 0 0 0 0 0 0 0 0 0 0 0 0 0 0 
1 0 0 0 0 0 0 0 0 0 0 0 0 0 0 0 


12 28 128
3
42 2 1 65 4 1 104 2 0 
40 42 
1 17 65 81 
104 106 

0
0 0
0 1 1 
0 0 0 0 0 0 0 
2
64 1 1 2 

1
65 0
0 1 1 
0 0 0 0 0 0 1 
2
65 1 17 2 

17
65 0
0 0 0 
0 0 1 0 0 0 1 
1
1 2 

21
21 21
0 0 0 
0 0 1 0 1 0 1 
1
17 2 

22
22 22
0 0 0 
0 0 1 0 1 1 0 
2
21 0 26 2 

25
25 22
0 0 0 
0 0 1 1 0 0 1 
2
17 0 41 2 

26
26 22
0 0 0 
0 0 1 1 0 1 0 
2
25 0 42 2 

32
32 0
1 0 0 
0 1 0 0 0 0 0 
1
40 0 

33
33 22
0 0 0 
0 1 0 0 0 0 1 
2
1 0 32 2 

37
37 37
0 0 0 
0 1 0 0 1 0 1 
2
21 0 33 2 

38
38 38
0 0 0 
0 1 0 0 1 1 0 
2
37 0 42 2 

40
42 0
1 0 0 
0 1 0 1 0 0 0 
1
42 0 

41
41 22
0 0 0 
0 1 0 1 0 0 1 
2
33 0 40 2 

42
42 0
0 0 0 
0 1 0 1 0 1 0 
1
40 0 

64
64 0
1 1 1 
1 0 0 0 0 0 0 
2
96 0 65 2 

65
65 0
0 1 1 
1 0 0 0 0 0 1 
1
81 2 

81
65 0
0 0 0 
1 0 1 0 0 0 1 
2
17 1 65 2 

85
85 85
0 0 0 
1 0 1 0 1 0 1 
2
21 1 81 2 

86
86 86
0 0 0 
1 0 1 0 1 1 0 
3
85 0 22 1 90 2 

89
89 86
0 0 0 
1 0 1 1 0 0 1 
3
81 0 25 1 105 2 

90
90 86
0 0 0 
1 0 1 1 0 1 0 
3
89 0 26 1 106 2 

96
96 0
1 0 0 
1 1 0 0 0 0 0 
2
104 0 32 1 

97
97 86
0 0 0 
1 1 0 0 0 0 1 
3
65 0 33 1 96 2 

101
101 101
0 0 0 
1 1 0 0 1 0 1 
3
85 0 37 1 97 2 

102
102 102
0 0 0 
1 1 0 0 1 1 0 
3
101 0 38 1 106 2 

104
104 0
1 0 0 
1 1 0 1 0 0 0 
2
106 0 40 1 

105
105 86
0 0 0 
1 1 0 1 0 0 1 
3
97 0 41 1 104 2 

106
104 0
0 0 0 
1 1 0 1 0 1 0 
2
104 0 42 1 

