18
3 3 5 5 1 1 0 0 -1 -1 -1 -1 2 2 4 4 6 6 

3
cI cII cro 
1 3
bcII{cII} bOR1{cI,cro} bOR2{cI,cro} bOR3{cI,cro} 
1 0 2 0 2 0 2 

7 4 4 

0 6 5 4 3 2 1 
4 3 2 1 
4 3 2 1 

0 1 1 1 1 1 1 1 1 1 1 1 1 1 1 1 0 0 0 0 0 0 0 0 0 0 0 0 0 0 0 0 0 0 0 0 0 0 0 0 0 0 0 0 0 0 0 0 0 0 0 0 0 0 0 0 0 0 0 0 0 0 0 0 1 1 1 1 1 1 1 1 1 1 1 1 1 1 1 1 0 0 0 0 0 0 0 0 0 0 0 0 0 0 0 0 0 0 0 0 0 0 0 0 0 0 0 0 0 0 0 0 0 0 0 0 0 0 0 0 0 0 0 0 0 0 0 0 
1 0 0 0 0 0 0 0 0 0 0 0 0 0 0 0 
1 0 0 0 0 0 0 0 0 0 0 0 0 0 0 0 


12 28 128
7
0 4 2 10 2 1 20 2 0 26 2 0 72 2 0 84 2 0 88 2 0 
0 16 64 80 
8 10 
20 22 
24 26 
72 74 
84 86 
88 90 

0
0 0
0 1 1 
0 0 0 0 0 0 0 
2
64 1 16 2 

8
10 0
1 0 0 
0 0 0 1 0 0 0 
1
10 0 

10
10 0
0 0 0 
0 0 0 1 0 1 0 
1
8 0 

16
0 0
1 0 0 
0 0 1 0 0 0 0 
2
24 0 0 2 

20
20 20
1 0 0 
0 0 1 0 1 0 0 
2
22 0 16 2 

21
21 21
0 0 0 
0 0 1 0 1 0 1 
1
20 2 

22
20 20
0 0 0 
0 0 1 0 1 1 0 
2
20 0 26 2 

24
26 0
1 0 0 
0 0 1 1 0 0 0 
2
26 0 8 2 

25
25 25
0 0 0 
0 0 1 1 0 0 1 
2
21 0 24 2 

26
26 0
0 0 0 
0 0 1 1 0 1 0 
2
24 0 10 2 

37
37 37
0 0 0 
0 1 0 0 1 0 1 
2
21 0 38 2 

38
38 37
0 0 0 
0 1 0 0 1 1 0 
2
22 0 42 2 

41
41 41
0 0 0 
0 1 0 1 0 0 1 
2
25 0 42 2 

42
42 37
0 0 0 
0 1 0 1 0 1 0 
1
10 0 

64
0 0
1 1 1 
1 0 0 0 0 0 0 
2
72 0 80 2 

72
72 0
1 0 0 
1 0 0 1 0 0 0 
2
74 0 8 1 

74
72 0
0 0 0 
1 0 0 1 0 1 0 
2
72 0 10 1 

80
0 0
1 0 0 
1 0 1 0 0 0 0 
3
88 0 16 1 64 2 

84
84 84
1 0 0 
1 0 1 0 1 0 0 
3
86 0 20 1 80 2 

85
85 85
0 0 0 
1 0 1 0 1 0 1 
2
21 1 84 2 

86
84 84
0 0 0 
1 0 1 0 1 1 0 
3
84 0 22 1 90 2 

88
88 0
1 0 0 
1 0 1 1 0 0 0 
3
90 0 24 1 72 2 

89
89 89
0 0 0 
1 0 1 1 0 0 1 
3
85 0 25 1 88 2 

90
88 0
0 0 0 
1 0 1 1 0 1 0 
3
88 0 26 1 74 2 

101
101 101
0 0 0 
1 1 0 0 1 0 1 
3
85 0 37 1 102 2 

102
102 101
0 0 0 
1 1 0 0 1 1 0 
3
86 0 38 1 106 2 

105
105 105
0 0 0 
1 1 0 1 0 0 1 
3
89 0 41 1 106 2 

106
106 101
0 0 0 
1 1 0 1 0 1 0 
2
74 0 42 1 

