18
1 1 3 3 5 5 0 0 -1 -1 -1 -1 2 2 6 6 4 4 

3
cI cII cro 
1 3
bcII{cII} bOR1{cI,cro} bOR2{cI,cro} bOR3{cI,cro} 
1 0 2 0 2 0 2 

7 4 4 

0 6 5 4 3 2 1 
4 3 2 1 
4 3 2 1 

0 1 1 1 1 1 1 1 1 1 1 1 1 1 1 1 0 0 0 0 0 0 0 0 0 0 0 0 0 0 0 0 0 0 0 0 0 0 0 0 0 0 0 0 0 0 0 0 0 0 0 0 0 0 0 0 0 0 0 0 0 0 0 0 1 1 1 1 1 1 1 1 1 1 1 1 1 1 1 1 0 0 0 0 0 0 0 0 0 0 0 0 0 0 0 0 0 0 0 0 0 0 0 0 0 0 0 0 0 0 0 0 0 0 0 0 0 0 0 0 0 0 0 0 0 0 0 0 
1 0 0 0 0 0 0 0 0 0 0 0 0 0 0 0 
1 0 0 0 0 0 0 0 0 0 0 0 0 0 0 0 


14 30 128
5
0 4 2 26 2 0 42 2 1 88 2 0 104 2 0 
0 16 64 80 
24 26 
40 42 
88 90 
104 106 

0
0 0
0 1 1 
0 0 0 0 0 0 0 
2
64 1 16 2 

16
0 0
1 0 0 
0 0 1 0 0 0 0 
2
24 0 0 2 

17
17 17
0 0 0 
0 0 1 0 0 0 1 
1
16 2 

21
21 21
0 0 0 
0 0 1 0 1 0 1 
1
17 2 

22
22 22
0 0 0 
0 0 1 0 1 1 0 
2
21 0 26 2 

24
26 0
1 0 0 
0 0 1 1 0 0 0 
2
26 0 40 2 

25
25 25
0 0 0 
0 0 1 1 0 0 1 
2
17 0 24 2 

26
26 0
0 0 0 
0 0 1 1 0 1 0 
2
24 0 42 2 

32
32 0
1 0 0 
0 1 0 0 0 0 0 
1
40 0 

33
33 33
0 0 0 
0 1 0 0 0 0 1 
2
17 0 32 2 

37
37 37
0 0 0 
0 1 0 0 1 0 1 
2
21 0 33 2 

38
38 38
0 0 0 
0 1 0 0 1 1 0 
2
37 0 42 2 

40
42 0
1 0 0 
0 1 0 1 0 0 0 
1
42 0 

41
41 41
0 0 0 
0 1 0 1 0 0 1 
2
33 0 40 2 

42
42 0
0 0 0 
0 1 0 1 0 1 0 
1
40 0 

64
0 0
1 1 1 
1 0 0 0 0 0 0 
2
96 0 80 2 

80
0 0
1 0 0 
1 0 1 0 0 0 0 
3
88 0 16 1 64 2 

81
81 81
0 0 0 
1 0 1 0 0 0 1 
2
17 1 80 2 

85
85 85
0 0 0 
1 0 1 0 1 0 1 
2
21 1 81 2 

86
86 86
0 0 0 
1 0 1 0 1 1 0 
3
85 0 22 1 90 2 

88
88 0
1 0 0 
1 0 1 1 0 0 0 
3
90 0 24 1 104 2 

89
89 89
0 0 0 
1 0 1 1 0 0 1 
3
81 0 25 1 88 2 

90
88 0
0 0 0 
1 0 1 1 0 1 0 
3
88 0 26 1 106 2 

96
96 0
1 0 0 
1 1 0 0 0 0 0 
2
104 0 32 1 

97
97 97
0 0 0 
1 1 0 0 0 0 1 
3
81 0 33 1 96 2 

101
101 101
0 0 0 
1 1 0 0 1 0 1 
3
85 0 37 1 97 2 

102
102 102
0 0 0 
1 1 0 0 1 1 0 
3
101 0 38 1 106 2 

104
104 0
1 0 0 
1 1 0 1 0 0 0 
2
106 0 40 1 

105
105 105
0 0 0 
1 1 0 1 0 0 1 
3
97 0 41 1 104 2 

106
104 0
0 0 0 
1 1 0 1 0 1 0 
2
104 0 42 1 

