18
5 5 3 3 1 1 0 0 -1 -1 -1 -1 2 2 6 6 4 4 

3
cI cII cro 
1 3
bcII{cII} bOR1{cI,cro} bOR2{cI,cro} bOR3{cI,cro} 
1 0 2 0 2 0 2 

7 4 4 

0 6 5 4 3 2 1 
4 3 2 1 
4 3 2 1 

0 1 1 1 1 1 1 1 1 1 1 1 1 1 1 1 0 0 0 0 0 0 0 0 0 0 0 0 0 0 0 0 0 0 0 0 0 0 0 0 0 0 0 0 0 0 0 0 0 0 0 0 0 0 0 0 0 0 0 0 0 0 0 0 1 1 1 1 1 1 1 1 1 1 1 1 1 1 1 1 0 0 0 0 0 0 0 0 0 0 0 0 0 0 0 0 0 0 0 0 0 0 0 0 0 0 0 0 0 0 0 0 0 0 0 0 0 0 0 0 0 0 0 0 0 0 0 0 
1 0 0 0 0 0 0 0 0 0 0 0 0 0 0 0 
1 0 0 0 0 0 0 0 0 0 0 0 0 0 0 0 


8 28 128
1
0 8 1 
0 2 16 18 64 66 80 82 

0
0 0
0 1 1 
0 0 0 0 0 0 0 
2
64 1 16 2 

2
0 0
0 1 1 
0 0 0 0 0 1 0 
3
0 0 66 1 18 2 

10
10 10
0 0 0 
0 0 0 1 0 1 0 
1
2 0 

16
0 0
1 0 0 
0 0 1 0 0 0 0 
2
18 0 0 2 

17
17 17
0 0 0 
0 0 1 0 0 0 1 
1
16 2 

18
0 0
0 0 0 
0 0 1 0 0 1 0 
2
16 0 2 2 

21
21 21
0 0 0 
0 0 1 0 1 0 1 
1
17 2 

22
22 22
0 0 0 
0 0 1 0 1 1 0 
2
21 0 18 2 

25
25 25
0 0 0 
0 0 1 1 0 0 1 
2
17 0 26 2 

26
26 25
0 0 0 
0 0 1 1 0 1 0 
2
18 0 10 2 

37
37 37
0 0 0 
0 1 0 0 1 0 1 
2
21 0 41 2 

38
38 38
0 0 0 
0 1 0 0 1 1 0 
2
22 0 42 2 

41
41 37
0 0 0 
0 1 0 1 0 0 1 
2
25 0 42 2 

42
42 37
0 0 0 
0 1 0 1 0 1 0 
1
10 0 

64
0 0
1 1 1 
1 0 0 0 0 0 0 
2
66 0 80 2 

66
0 0
0 1 1 
1 0 0 0 0 1 0 
2
64 0 82 2 

74
74 74
0 0 0 
1 0 0 1 0 1 0 
2
66 0 10 1 

80
0 0
1 0 0 
1 0 1 0 0 0 0 
3
82 0 16 1 64 2 

81
81 81
0 0 0 
1 0 1 0 0 0 1 
2
17 1 80 2 

82
0 0
0 0 0 
1 0 1 0 0 1 0 
3
80 0 18 1 66 2 

85
85 85
0 0 0 
1 0 1 0 1 0 1 
2
21 1 81 2 

86
86 86
0 0 0 
1 0 1 0 1 1 0 
3
85 0 22 1 82 2 

89
89 89
0 0 0 
1 0 1 1 0 0 1 
3
81 0 25 1 90 2 

90
90 89
0 0 0 
1 0 1 1 0 1 0 
3
82 0 26 1 74 2 

101
101 101
0 0 0 
1 1 0 0 1 0 1 
3
85 0 37 1 105 2 

102
102 102
0 0 0 
1 1 0 0 1 1 0 
3
86 0 38 1 106 2 

105
105 101
0 0 0 
1 1 0 1 0 0 1 
3
89 0 41 1 106 2 

106
106 101
0 0 0 
1 1 0 1 0 1 0 
2
74 0 42 1 

