18
3 3 1 1 5 5 0 0 -1 -1 -1 -1 4 4 2 2 6 6 

3
cI cII cro 
1 3
bcII{cII} bOR1{cI,cro} bOR2{cI,cro} bOR3{cI,cro} 
1 0 2 0 2 0 2 

7 4 4 

0 6 5 4 3 2 1 
4 3 2 1 
4 3 2 1 

0 1 1 1 1 1 1 1 1 1 1 1 1 1 1 1 0 0 0 0 0 0 0 0 0 0 0 0 0 0 0 0 0 0 0 0 0 0 0 0 0 0 0 0 0 0 0 0 0 0 0 0 0 0 0 0 0 0 0 0 0 0 0 0 1 1 1 1 1 1 1 1 1 1 1 1 1 1 1 1 0 0 0 0 0 0 0 0 0 0 0 0 0 0 0 0 0 0 0 0 0 0 0 0 0 0 0 0 0 0 0 0 0 0 0 0 0 0 0 0 0 0 0 0 0 0 0 0 
1 0 0 0 0 0 0 0 0 0 0 0 0 0 0 0 
1 0 0 0 0 0 0 0 0 0 0 0 0 0 0 0 


14 30 128
9
0 4 2 20 2 0 24 2 0 38 2 0 42 2 1 84 2 0 88 2 0 100 2 0 104 2 0 
0 4 64 68 
20 22 
24 26 
36 38 
40 42 
84 86 
88 90 
100 102 
104 106 

0
0 0
0 1 1 
0 0 0 0 0 0 0 
2
64 1 4 2 

4
0 0
1 0 0 
0 0 0 0 1 0 0 
2
36 0 0 2 

8
8 0
1 0 0 
0 0 0 1 0 0 0 
1
40 0 

20
20 20
1 0 0 
0 0 1 0 1 0 0 
2
22 0 4 2 

21
21 21
0 0 0 
0 0 1 0 1 0 1 
1
20 2 

22
20 20
0 0 0 
0 0 1 0 1 1 0 
2
20 0 38 2 

24
24 24
1 0 0 
0 0 1 1 0 0 0 
2
26 0 8 2 

25
25 25
0 0 0 
0 0 1 1 0 0 1 
2
21 0 24 2 

26
24 24
0 0 0 
0 0 1 1 0 1 0 
2
24 0 42 2 

36
38 0
1 0 0 
0 1 0 0 1 0 0 
2
38 0 40 2 

37
37 37
0 0 0 
0 1 0 0 1 0 1 
2
21 0 36 2 

38
38 0
0 0 0 
0 1 0 0 1 1 0 
2
36 0 42 2 

40
42 0
1 0 0 
0 1 0 1 0 0 0 
1
42 0 

41
41 41
0 0 0 
0 1 0 1 0 0 1 
2
25 0 40 2 

42
42 0
0 0 0 
0 1 0 1 0 1 0 
1
40 0 

64
0 0
1 1 1 
1 0 0 0 0 0 0 
2
72 0 68 2 

68
0 0
1 0 0 
1 0 0 0 1 0 0 
3
100 0 4 1 64 2 

72
72 0
1 0 0 
1 0 0 1 0 0 0 
2
104 0 8 1 

84
84 84
1 0 0 
1 0 1 0 1 0 0 
3
86 0 20 1 68 2 

85
85 85
0 0 0 
1 0 1 0 1 0 1 
2
21 1 84 2 

86
84 84
0 0 0 
1 0 1 0 1 1 0 
3
84 0 22 1 102 2 

88
88 88
1 0 0 
1 0 1 1 0 0 0 
3
90 0 24 1 72 2 

89
89 89
0 0 0 
1 0 1 1 0 0 1 
3
85 0 25 1 88 2 

90
88 88
0 0 0 
1 0 1 1 0 1 0 
3
88 0 26 1 106 2 

100
100 0
1 0 0 
1 1 0 0 1 0 0 
3
102 0 36 1 104 2 

101
101 101
0 0 0 
1 1 0 0 1 0 1 
3
85 0 37 1 100 2 

102
100 0
0 0 0 
1 1 0 0 1 1 0 
3
100 0 38 1 106 2 

104
104 0
1 0 0 
1 1 0 1 0 0 0 
2
106 0 40 1 

105
105 105
0 0 0 
1 1 0 1 0 0 1 
3
89 0 41 1 104 2 

106
104 0
0 0 0 
1 1 0 1 0 1 0 
2
104 0 42 1 

