18
5 5 3 3 1 1 0 0 -1 -1 -1 -1 4 4 6 6 2 2 

3
cI cII cro 
1 3
bcII{cII} bOR1{cI,cro} bOR2{cI,cro} bOR3{cI,cro} 
1 0 2 0 2 0 2 

7 4 4 

0 6 5 4 3 2 1 
4 3 2 1 
4 3 2 1 

0 1 1 1 1 1 1 1 1 1 1 1 1 1 1 1 0 0 0 0 0 0 0 0 0 0 0 0 0 0 0 0 0 0 0 0 0 0 0 0 0 0 0 0 0 0 0 0 0 0 0 0 0 0 0 0 0 0 0 0 0 0 0 0 1 1 1 1 1 1 1 1 1 1 1 1 1 1 1 1 0 0 0 0 0 0 0 0 0 0 0 0 0 0 0 0 0 0 0 0 0 0 0 0 0 0 0 0 0 0 0 0 0 0 0 0 0 0 0 0 0 0 0 0 0 0 0 0 
1 0 0 0 0 0 0 0 0 0 0 0 0 0 0 0 
1 0 0 0 0 0 0 0 0 0 0 0 0 0 0 0 


8 30 128
1
0 8 1 
0 2 4 6 64 66 68 70 

0
0 0
0 1 1 
0 0 0 0 0 0 0 
2
64 1 4 2 

2
0 0
0 1 1 
0 0 0 0 0 1 0 
3
0 0 66 1 6 2 

4
0 0
1 0 0 
0 0 0 0 1 0 0 
2
6 0 0 2 

5
5 5
0 0 0 
0 0 0 0 1 0 1 
1
4 2 

6
0 0
0 0 0 
0 0 0 0 1 1 0 
2
4 0 2 2 

9
9 9
0 0 0 
0 0 0 1 0 0 1 
2
5 0 10 2 

10
10 9
0 0 0 
0 0 0 1 0 1 0 
1
2 0 

21
21 21
0 0 0 
0 0 1 0 1 0 1 
1
5 2 

22
22 22
0 0 0 
0 0 1 0 1 1 0 
2
21 0 6 2 

25
25 25
0 0 0 
0 0 1 1 0 0 1 
2
21 0 9 2 

26
26 26
0 0 0 
0 0 1 1 0 1 0 
2
22 0 10 2 

37
37 37
0 0 0 
0 1 0 0 1 0 1 
2
5 0 38 2 

38
38 37
0 0 0 
0 1 0 0 1 1 0 
2
6 0 42 2 

41
41 41
0 0 0 
0 1 0 1 0 0 1 
2
9 0 42 2 

42
42 37
0 0 0 
0 1 0 1 0 1 0 
1
10 0 

64
0 0
1 1 1 
1 0 0 0 0 0 0 
2
66 0 68 2 

66
0 0
0 1 1 
1 0 0 0 0 1 0 
2
64 0 70 2 

68
0 0
1 0 0 
1 0 0 0 1 0 0 
3
70 0 4 1 64 2 

69
69 69
0 0 0 
1 0 0 0 1 0 1 
2
5 1 68 2 

70
0 0
0 0 0 
1 0 0 0 1 1 0 
3
68 0 6 1 66 2 

73
73 73
0 0 0 
1 0 0 1 0 0 1 
3
69 0 9 1 74 2 

74
74 73
0 0 0 
1 0 0 1 0 1 0 
2
66 0 10 1 

85
85 85
0 0 0 
1 0 1 0 1 0 1 
2
21 1 69 2 

86
86 86
0 0 0 
1 0 1 0 1 1 0 
3
85 0 22 1 70 2 

89
89 89
0 0 0 
1 0 1 1 0 0 1 
3
85 0 25 1 73 2 

90
90 90
0 0 0 
1 0 1 1 0 1 0 
3
86 0 26 1 74 2 

101
101 101
0 0 0 
1 1 0 0 1 0 1 
3
69 0 37 1 102 2 

102
102 101
0 0 0 
1 1 0 0 1 1 0 
3
70 0 38 1 106 2 

105
105 105
0 0 0 
1 1 0 1 0 0 1 
3
73 0 41 1 106 2 

106
106 101
0 0 0 
1 1 0 1 0 1 0 
2
74 0 42 1 

