18
5 5 1 1 3 3 0 0 -1 -1 -1 -1 6 6 4 4 2 2 

3
cI cII cro 
1 3
bcII{cII} bOR1{cI,cro} bOR2{cI,cro} bOR3{cI,cro} 
1 0 2 0 2 0 2 

7 4 4 

0 6 5 4 3 2 1 
4 3 2 1 
4 3 2 1 

0 1 1 1 1 1 1 1 1 1 1 1 1 1 1 1 0 0 0 0 0 0 0 0 0 0 0 0 0 0 0 0 0 0 0 0 0 0 0 0 0 0 0 0 0 0 0 0 0 0 0 0 0 0 0 0 0 0 0 0 0 0 0 0 1 1 1 1 1 1 1 1 1 1 1 1 1 1 1 1 0 0 0 0 0 0 0 0 0 0 0 0 0 0 0 0 0 0 0 0 0 0 0 0 0 0 0 0 0 0 0 0 0 0 0 0 0 0 0 0 0 0 0 0 0 0 0 0 
1 0 0 0 0 0 0 0 0 0 0 0 0 0 0 0 
1 0 0 0 0 0 0 0 0 0 0 0 0 0 0 0 


10 30 128
2
0 6 2 69 4 1 
0 2 6 64 66 70 
1 5 65 69 

0
0 0
0 1 1 
0 0 0 0 0 0 0 
2
64 1 1 2 

1
69 0
0 1 1 
0 0 0 0 0 0 1 
2
65 1 5 2 

2
0 0
0 1 1 
0 0 0 0 0 1 0 
3
0 0 66 1 6 2 

5
69 0
0 0 0 
0 0 0 0 1 0 1 
1
1 2 

6
0 0
0 0 0 
0 0 0 0 1 1 0 
2
5 0 2 2 

21
21 21
0 0 0 
0 0 1 0 1 0 1 
1
5 2 

22
22 22
0 0 0 
0 0 1 0 1 1 0 
2
21 0 6 2 

25
25 25
0 0 0 
0 0 1 1 0 0 1 
2
21 0 41 2 

26
26 26
0 0 0 
0 0 1 1 0 1 0 
2
22 0 42 2 

33
33 25
0 0 0 
0 1 0 0 0 0 1 
2
1 0 34 2 

34
34 25
0 0 0 
0 1 0 0 0 1 0 
1
2 0 

37
37 37
0 0 0 
0 1 0 0 1 0 1 
2
5 0 33 2 

38
38 38
0 0 0 
0 1 0 0 1 1 0 
2
6 0 34 2 

41
41 25
0 0 0 
0 1 0 1 0 0 1 
2
33 0 42 2 

42
42 25
0 0 0 
0 1 0 1 0 1 0 
1
34 0 

64
0 0
1 1 1 
1 0 0 0 0 0 0 
2
66 0 65 2 

65
69 0
0 1 1 
1 0 0 0 0 0 1 
1
69 2 

66
0 0
0 1 1 
1 0 0 0 0 1 0 
2
64 0 70 2 

69
69 0
0 0 0 
1 0 0 0 1 0 1 
2
5 1 65 2 

70
0 0
0 0 0 
1 0 0 0 1 1 0 
3
69 0 6 1 66 2 

85
85 85
0 0 0 
1 0 1 0 1 0 1 
2
21 1 69 2 

86
86 86
0 0 0 
1 0 1 0 1 1 0 
3
85 0 22 1 70 2 

89
89 89
0 0 0 
1 0 1 1 0 0 1 
3
85 0 25 1 105 2 

90
90 90
0 0 0 
1 0 1 1 0 1 0 
3
86 0 26 1 106 2 

97
97 89
0 0 0 
1 1 0 0 0 0 1 
3
65 0 33 1 98 2 

98
98 89
0 0 0 
1 1 0 0 0 1 0 
2
66 0 34 1 

101
101 101
0 0 0 
1 1 0 0 1 0 1 
3
69 0 37 1 97 2 

102
102 102
0 0 0 
1 1 0 0 1 1 0 
3
70 0 38 1 98 2 

105
105 89
0 0 0 
1 1 0 1 0 0 1 
3
97 0 41 1 106 2 

106
106 89
0 0 0 
1 1 0 1 0 1 0 
2
98 0 42 1 

