18
3 3 5 5 1 1 0 0 -1 -1 -1 -1 6 6 2 2 4 4 

3
cI cII cro 
1 3
bcII{cII} bOR1{cI,cro} bOR2{cI,cro} bOR3{cI,cro} 
1 0 2 0 2 0 2 

7 4 4 

0 6 5 4 3 2 1 
4 3 2 1 
4 3 2 1 

0 1 1 1 1 1 1 1 1 1 1 1 1 1 1 1 0 0 0 0 0 0 0 0 0 0 0 0 0 0 0 0 0 0 0 0 0 0 0 0 0 0 0 0 0 0 0 0 0 0 0 0 0 0 0 0 0 0 0 0 0 0 0 0 1 1 1 1 1 1 1 1 1 1 1 1 1 1 1 1 0 0 0 0 0 0 0 0 0 0 0 0 0 0 0 0 0 0 0 0 0 0 0 0 0 0 0 0 0 0 0 0 0 0 0 0 0 0 0 0 0 0 0 0 0 0 0 0 
1 0 0 0 0 0 0 0 0 0 0 0 0 0 0 0 
1 0 0 0 0 0 0 0 0 0 0 0 0 0 0 0 


10 28 128
3
10 2 1 65 4 1 72 2 0 
8 10 
1 17 65 81 
72 74 

0
0 0
0 1 1 
0 0 0 0 0 0 0 
2
64 1 1 2 

1
65 0
0 1 1 
0 0 0 0 0 0 1 
2
65 1 17 2 

8
10 0
1 0 0 
0 0 0 1 0 0 0 
1
10 0 

9
9 9
0 0 0 
0 0 0 1 0 0 1 
2
1 0 8 2 

10
10 0
0 0 0 
0 0 0 1 0 1 0 
1
8 0 

17
65 0
0 0 0 
0 0 1 0 0 0 1 
1
1 2 

21
21 21
0 0 0 
0 0 1 0 1 0 1 
1
17 2 

22
22 22
0 0 0 
0 0 1 0 1 1 0 
2
21 0 26 2 

25
25 22
0 0 0 
0 0 1 1 0 0 1 
2
17 0 9 2 

26
26 22
0 0 0 
0 0 1 1 0 1 0 
2
25 0 10 2 

37
37 37
0 0 0 
0 1 0 0 1 0 1 
2
21 0 41 2 

38
38 38
0 0 0 
0 1 0 0 1 1 0 
2
22 0 42 2 

41
41 37
0 0 0 
0 1 0 1 0 0 1 
2
9 0 42 2 

42
42 37
0 0 0 
0 1 0 1 0 1 0 
1
10 0 

64
64 0
1 1 1 
1 0 0 0 0 0 0 
2
72 0 65 2 

65
65 0
0 1 1 
1 0 0 0 0 0 1 
1
81 2 

72
72 0
1 0 0 
1 0 0 1 0 0 0 
2
74 0 8 1 

73
73 73
0 0 0 
1 0 0 1 0 0 1 
3
65 0 9 1 72 2 

74
72 0
0 0 0 
1 0 0 1 0 1 0 
2
72 0 10 1 

81
65 0
0 0 0 
1 0 1 0 0 0 1 
2
17 1 65 2 

85
85 85
0 0 0 
1 0 1 0 1 0 1 
2
21 1 81 2 

86
86 86
0 0 0 
1 0 1 0 1 1 0 
3
85 0 22 1 90 2 

89
89 86
0 0 0 
1 0 1 1 0 0 1 
3
81 0 25 1 73 2 

90
90 86
0 0 0 
1 0 1 1 0 1 0 
3
89 0 26 1 74 2 

101
101 101
0 0 0 
1 1 0 0 1 0 1 
3
85 0 37 1 105 2 

102
102 102
0 0 0 
1 1 0 0 1 1 0 
3
86 0 38 1 106 2 

105
105 101
0 0 0 
1 1 0 1 0 0 1 
3
73 0 41 1 106 2 

106
106 101
0 0 0 
1 1 0 1 0 1 0 
2
74 0 42 1 

