2592
0 000000000 0 000000000
864 000000001 904 000101001
1728 000000002 1800 000102002
288 000000010 872 000100001
1152 000000011 904 000101001
2016 000000012 1800 000102002
576 000000020 1736 000100002
1440 000000021 1768 000101002
2304 000000022 1800 000102002
96 000000100 288 000000010
960 000000101 1192 000101011
1824 000000102 2088 000102012
384 000000110 1160 000100011
1248 000000111 1192 000101011
2112 000000112 2088 000102012
672 000000120 2024 000100012
1536 000000121 2056 000101012
2400 000000122 2088 000102012
192 000000200 576 000000020
1056 000000201 1480 000101021
1920 000000202 2376 000102022
480 000000210 1448 000100021
1344 000000211 1480 000101021
2208 000000212 2376 000102022
768 000000220 2312 000100022
1632 000000221 2344 000101022
2496 000000222 2376 000102022
32 000001000 96 000000100
896 000001001 1000 000101101
1760 000001002 1896 000102102
320 000001010 968 000100101
1184 000001011 1000 000101101
2048 000001012 1896 000102102
608 000001020 1832 000100102
1472 000001021 1864 000101102
2336 000001022 1896 000102102
128 000001100 384 000000110
992 000001101 1288 000101111
1856 000001102 2184 000102112
416 000001110 1256 000100111
1280 000001111 1288 000101111
2144 000001112 2184 000102112
704 000001120 2120 000100112
1568 000001121 2152 000101112
2432 000001122 2184 000102112
224 000001200 672 000000120
1088 000001201 1576 000101121
1952 000001202 2472 000102122
512 000001210 1544 000100121
1376 000001211 1576 000101121
2240 000001212 2472 000102122
800 000001220 2408 000100122
1664 000001221 2440 000101122
2528 000001222 2472 000102122
64 000002000 192 000000200
928 000002001 1096 000101201
1792 000002002 1992 000102202
352 000002010 1064 000100201
1216 000002011 1096 000101201
2080 000002012 1992 000102202
640 000002020 1928 000100202
1504 000002021 1960 000101202
2368 000002022 1992 000102202
160 000002100 480 000000210
1024 000002101 1384 000101211
1888 000002102 2280 000102212
448 000002110 1352 000100211
1312 000002111 1384 000101211
2176 000002112 2280 000102212
736 000002120 2216 000100212
1600 000002121 2248 000101212
2464 000002122 2280 000102212
256 000002200 768 000000220
1120 000002201 1672 000101221
1984 000002202 2568 000102222
544 000002210 1640 000100221
1408 000002211 1672 000101221
2272 000002212 2568 000102222
832 000002220 2504 000100222
1696 000002221 2536 000101222
2560 000002222 2568 000102222
16 000010000 20 001010000
880 000010001 44 001101000
1744 000010002 76 001102000
304 000010010 24 000110000
1168 000010011 40 000101000
2032 000010012 72 000102000
592 000010020 24 000110000
1456 000010021 40 000101000
2320 000010022 72 000102000
112 000010100 308 001010010
976 000010101 332 001101010
1840 000010102 364 001102010
400 000010110 312 000110010
1264 000010111 328 000101010
2128 000010112 360 000102010
688 000010120 312 000110010
1552 000010121 328 000101010
2416 000010122 360 000102010
208 000010200 596 001010020
1072 000010201 620 001101020
1936 000010202 652 001102020
496 000010210 600 000110020
1360 000010211 616 000101020
2224 000010212 648 000102020
784 000010220 600 000110020
1648 000010221 616 000101020
2512 000010222 648 000102020
48 000011000 116 001010100
912 000011001 140 001101100
1776 000011002 172 001102100
336 000011010 120 000110100
1200 000011011 136 000101100
2064 000011012 168 000102100
624 000011020 120 000110100
1488 000011021 136 000101100
2352 000011022 168 000102100
144 000011100 404 001010110
1008 000011101 428 001101110
1872 000011102 460 001102110
432 000011110 408 000110110
1296 000011111 424 000101110
2160 000011112 456 000102110
720 000011120 408 000110110
1584 000011121 424 000101110
2448 000011122 456 000102110
240 000011200 692 001010120
1104 000011201 716 001101120
1968 000011202 748 001102120
528 000011210 696 000110120
1392 000011211 712 000101120
2256 000011212 744 000102120
816 000011220 696 000110120
1680 000011221 712 000101120
2544 000011222 744 000102120
80 000012000 212 001010200
944 000012001 236 001101200
1808 000012002 268 001102200
368 000012010 216 000110200
1232 000012011 232 000101200
2096 000012012 264 000102200
656 000012020 216 000110200
1520 000012021 232 000101200
2384 000012022 264 000102200
176 000012100 500 001010210
1040 000012101 524 001101210
1904 000012102 556 001102210
464 000012110 504 000110210
1328 000012111 520 000101210
2192 000012112 552 000102210
752 000012120 504 000110210
1616 000012121 520 000101210
2480 000012122 552 000102210
272 000012200 788 001010220
1136 000012201 812 001101220
2000 000012202 844 001102220
560 000012210 792 000110220
1424 000012211 808 000101220
2288 000012212 840 000102220
848 000012220 792 000110220
1712 000012221 808 000101220
2576 000012222 840 000102220
8 000100000 0 000000000
872 000100001 904 000101001
1736 000100002 1800 000102002
296 000100010 872 000100001
1160 000100011 904 000101001
2024 000100012 1800 000102002
584 000100020 1736 000100002
1448 000100021 1768 000101002
2312 000100022 1800 000102002
104 000100100 288 000000010
968 000100101 1192 000101011
1832 000100102 2088 000102012
392 000100110 1160 000100011
1256 000100111 1192 000101011
2120 000100112 2088 000102012
680 000100120 2024 000100012
1544 000100121 2056 000101012
2408 000100122 2088 000102012
200 000100200 576 000000020
1064 000100201 1480 000101021
1928 000100202 2376 000102022
488 000100210 1448 000100021
1352 000100211 1480 000101021
2216 000100212 2376 000102022
776 000100220 2312 000100022
1640 000100221 2344 000101022
2504 000100222 2376 000102022
40 000101000 96 000000100
904 000101001 1000 000101101
1768 000101002 1896 000102102
328 000101010 968 000100101
1192 000101011 1000 000101101
2056 000101012 1896 000102102
616 000101020 1832 000100102
1480 000101021 1864 000101102
2344 000101022 1896 000102102
136 000101100 384 000000110
1000 000101101 1288 000101111
1864 000101102 2184 000102112
424 000101110 1256 000100111
1288 000101111 1288 000101111
2152 000101112 2184 000102112
712 000101120 2120 000100112
1576 000101121 2152 000101112
2440 000101122 2184 000102112
232 000101200 672 000000120
1096 000101201 1576 000101121
1960 000101202 2472 000102122
520 000101210 1544 000100121
1384 000101211 1576 000101121
2248 000101212 2472 000102122
808 000101220 2408 000100122
1672 000101221 2440 000101122
2536 000101222 2472 000102122
72 000102000 96 000000100
936 000102001 1000 000101101
1800 000102002 1896 000102102
360 000102010 968 000100101
1224 000102011 1000 000101101
2088 000102012 1896 000102102
648 000102020 1832 000100102
1512 000102021 1864 000101102
2376 000102022 1896 000102102
168 000102100 384 000000110
1032 000102101 1288 000101111
1896 000102102 2184 000102112
456 000102110 1256 000100111
1320 000102111 1288 000101111
2184 000102112 2184 000102112
744 000102120 2120 000100112
1608 000102121 2152 000101112
2472 000102122 2184 000102112
264 000102200 672 000000120
1128 000102201 1576 000101121
1992 000102202 2472 000102122
552 000102210 1544 000100121
1416 000102211 1576 000101121
2280 000102212 2472 000102122
840 000102220 2408 000100122
1704 000102221 2440 000101122
2568 000102222 2472 000102122
24 000110000 20 001010000
888 000110001 44 001101000
1752 000110002 76 001102000
312 000110010 24 000110000
1176 000110011 40 000101000
2040 000110012 72 000102000
600 000110020 24 000110000
1464 000110021 40 000101000
2328 000110022 72 000102000
120 000110100 308 001010010
984 000110101 332 001101010
1848 000110102 364 001102010
408 000110110 312 000110010
1272 000110111 328 000101010
2136 000110112 360 000102010
696 000110120 312 000110010
1560 000110121 328 000101010
2424 000110122 360 000102010
216 000110200 596 001010020
1080 000110201 620 001101020
1944 000110202 652 001102020
504 000110210 600 000110020
1368 000110211 616 000101020
2232 000110212 648 000102020
792 000110220 600 000110020
1656 000110221 616 000101020
2520 000110222 648 000102020
56 000111000 116 001010100
920 000111001 140 001101100
1784 000111002 172 001102100
344 000111010 120 000110100
1208 000111011 136 000101100
2072 000111012 168 000102100
632 000111020 120 000110100
1496 000111021 136 000101100
2360 000111022 168 000102100
152 000111100 404 001010110
1016 000111101 428 001101110
1880 000111102 460 001102110
440 000111110 408 000110110
1304 000111111 424 000101110
2168 000111112 456 000102110
728 000111120 408 000110110
1592 000111121 424 000101110
2456 000111122 456 000102110
248 000111200 692 001010120
1112 000111201 716 001101120
1976 000111202 748 001102120
536 000111210 696 000110120
1400 000111211 712 000101120
2264 000111212 744 000102120
824 000111220 696 000110120
1688 000111221 712 000101120
2552 000111222 744 000102120
88 000112000 116 001010100
952 000112001 140 001101100
1816 000112002 172 001102100
376 000112010 120 000110100
1240 000112011 136 000101100
2104 000112012 168 000102100
664 000112020 120 000110100
1528 000112021 136 000101100
2392 000112022 168 000102100
184 000112100 404 001010110
1048 000112101 428 001101110
1912 000112102 460 001102110
472 000112110 408 000110110
1336 000112111 424 000101110
2200 000112112 456 000102110
760 000112120 408 000110110
1624 000112121 424 000101110
2488 000112122 456 000102110
280 000112200 692 001010120
1144 000112201 716 001101120
2008 000112202 748 001102120
568 000112210 696 000110120
1432 000112211 712 000101120
2296 000112212 744 000102120
856 000112220 696 000110120
1720 000112221 712 000101120
2584 000112222 744 000102120
4 001000000 2 010000000
868 001000001 906 010101001
1732 001000002 1802 010102002
292 001000010 874 010100001
1156 001000011 906 010101001
2020 001000012 1802 010102002
580 001000020 1738 010100002
1444 001000021 1770 010101002
2308 001000022 1802 010102002
100 001000100 290 010000010
964 001000101 1194 010101011
1828 001000102 2090 010102012
388 001000110 1162 010100011
1252 001000111 1194 010101011
2116 001000112 2090 010102012
676 001000120 2026 010100012
1540 001000121 2058 010101012
2404 001000122 2090 010102012
196 001000200 578 010000020
1060 001000201 1482 010101021
1924 001000202 2378 010102022
484 001000210 1450 010100021
1348 001000211 1482 010101021
2212 001000212 2378 010102022
772 001000220 2314 010100022
1636 001000221 2346 010101022
2500 001000222 2378 010102022
36 001001000 98 010000100
900 001001001 1002 010101101
1764 001001002 1898 010102102
324 001001010 970 010100101
1188 001001011 1002 010101101
2052 001001012 1898 010102102
612 001001020 1834 010100102
1476 001001021 1866 010101102
2340 001001022 1898 010102102
132 001001100 386 010000110
996 001001101 1290 010101111
1860 001001102 2186 010102112
420 001001110 1258 010100111
1284 001001111 1290 010101111
2148 001001112 2186 010102112
708 001001120 2122 010100112
1572 001001121 2154 010101112
2436 001001122 2186 010102112
228 001001200 674 010000120
1092 001001201 1578 010101121
1956 001001202 2474 010102122
516 001001210 1546 010100121
1380 001001211 1578 010101121
2244 001001212 2474 010102122
804 001001220 2410 010100122
1668 001001221 2442 010101122
2532 001001222 2474 010102122
68 001002000 194 010000200
932 001002001 1098 010101201
1796 001002002 1994 010102202
356 001002010 1066 010100201
1220 001002011 1098 010101201
2084 001002012 1994 010102202
644 001002020 1930 010100202
1508 001002021 1962 010101202
2372 001002022 1994 010102202
164 001002100 482 010000210
1028 001002101 1386 010101211
1892 001002102 2282 010102212
452 001002110 1354 010100211
1316 001002111 1386 010101211
2180 001002112 2282 010102212
740 001002120 2218 010100212
1604 001002121 2250 010101212
2468 001002122 2282 010102212
260 001002200 770 010000220
1124 001002201 1674 010101221
1988 001002202 2570 010102222
548 001002210 1642 010100221
1412 001002211 1674 010101221
2276 001002212 2570 010102222
836 001002220 2506 010100222
1700 001002221 2538 010101222
2564 001002222 2570 010102222
20 001010000 22 011010000
884 001010001 46 011101000
1748 001010002 78 011102000
308 001010010 26 010110000
1172 001010011 42 010101000
2036 001010012 74 010102000
596 001010020 26 010110000
1460 001010021 42 010101000
2324 001010022 74 010102000
116 001010100 310 011010010
980 001010101 334 011101010
1844 001010102 366 011102010
404 001010110 314 010110010
1268 001010111 330 010101010
2132 001010112 362 010102010
692 001010120 314 010110010
1556 001010121 330 010101010
2420 001010122 362 010102010
212 001010200 598 011010020
1076 001010201 622 011101020
1940 001010202 654 011102020
500 001010210 602 010110020
1364 001010211 618 010101020
2228 001010212 650 010102020
788 001010220 602 010110020
1652 001010221 618 010101020
2516 001010222 650 010102020
52 001011000 118 011010100
916 001011001 142 011101100
1780 001011002 174 011102100
340 001011010 122 010110100
1204 001011011 138 010101100
2068 001011012 170 010102100
628 001011020 122 010110100
1492 001011021 138 010101100
2356 001011022 170 010102100
148 001011100 406 011010110
1012 001011101 430 011101110
1876 001011102 462 011102110
436 001011110 410 010110110
1300 001011111 426 010101110
2164 001011112 458 010102110
724 001011120 410 010110110
1588 001011121 426 010101110
2452 001011122 458 010102110
244 001011200 694 011010120
1108 001011201 718 011101120
1972 001011202 750 011102120
532 001011210 698 010110120
1396 001011211 714 010101120
2260 001011212 746 010102120
820 001011220 698 010110120
1684 001011221 714 010101120
2548 001011222 746 010102120
84 001012000 214 011010200
948 001012001 238 011101200
1812 001012002 270 011102200
372 001012010 218 010110200
1236 001012011 234 010101200
2100 001012012 266 010102200
660 001012020 218 010110200
1524 001012021 234 010101200
2388 001012022 266 010102200
180 001012100 502 011010210
1044 001012101 526 011101210
1908 001012102 558 011102210
468 001012110 506 010110210
1332 001012111 522 010101210
2196 001012112 554 010102210
756 001012120 506 010110210
1620 001012121 522 010101210
2484 001012122 554 010102210
276 001012200 790 011010220
1140 001012201 814 011101220
2004 001012202 846 011102220
564 001012210 794 010110220
1428 001012211 810 010101220
2292 001012212 842 010102220
852 001012220 794 010110220
1716 001012221 810 010101220
2580 001012222 842 010102220
12 001100000 0 000000000
876 001100001 904 000101001
1740 001100002 1800 000102002
300 001100010 872 000100001
1164 001100011 904 000101001
2028 001100012 1800 000102002
588 001100020 1736 000100002
1452 001100021 1768 000101002
2316 001100022 1800 000102002
108 001100100 288 000000010
972 001100101 1192 000101011
1836 001100102 2088 000102012
396 001100110 1160 000100011
1260 001100111 1192 000101011
2124 001100112 2088 000102012
684 001100120 2024 000100012
1548 001100121 2056 000101012
2412 001100122 2088 000102012
204 001100200 576 000000020
1068 001100201 1480 000101021
1932 001100202 2376 000102022
492 001100210 1448 000100021
1356 001100211 1480 000101021
2220 001100212 2376 000102022
780 001100220 2312 000100022
1644 001100221 2344 000101022
2508 001100222 2376 000102022
44 001101000 96 000000100
908 001101001 1000 000101101
1772 001101002 1896 000102102
332 001101010 968 000100101
1196 001101011 1000 000101101
2060 001101012 1896 000102102
620 001101020 1832 000100102
1484 001101021 1864 000101102
2348 001101022 1896 000102102
140 001101100 384 000000110
1004 001101101 1288 000101111
1868 001101102 2184 000102112
428 001101110 1256 000100111
1292 001101111 1288 000101111
2156 001101112 2184 000102112
716 001101120 2120 000100112
1580 001101121 2152 000101112
2444 001101122 2184 000102112
236 001101200 672 000000120
1100 001101201 1576 000101121
1964 001101202 2472 000102122
524 001101210 1544 000100121
1388 001101211 1576 000101121
2252 001101212 2472 000102122
812 001101220 2408 000100122
1676 001101221 2440 000101122
2540 001101222 2472 000102122
76 001102000 96 000000100
940 001102001 1000 000101101
1804 001102002 1896 000102102
364 001102010 968 000100101
1228 001102011 1000 000101101
2092 001102012 1896 000102102
652 001102020 1832 000100102
1516 001102021 1864 000101102
2380 001102022 1896 000102102
172 001102100 384 000000110
1036 001102101 1288 000101111
1900 001102102 2184 000102112
460 001102110 1256 000100111
1324 001102111 1288 000101111
2188 001102112 2184 000102112
748 001102120 2120 000100112
1612 001102121 2152 000101112
2476 001102122 2184 000102112
268 001102200 672 000000120
1132 001102201 1576 000101121
1996 001102202 2472 000102122
556 001102210 1544 000100121
1420 001102211 1576 000101121
2284 001102212 2472 000102122
844 001102220 2408 000100122
1708 001102221 2440 000101122
2572 001102222 2472 000102122
28 001110000 20 001010000
892 001110001 44 001101000
1756 001110002 76 001102000
316 001110010 24 000110000
1180 001110011 40 000101000
2044 001110012 72 000102000
604 001110020 24 000110000
1468 001110021 40 000101000
2332 001110022 72 000102000
124 001110100 308 001010010
988 001110101 332 001101010
1852 001110102 364 001102010
412 001110110 312 000110010
1276 001110111 328 000101010
2140 001110112 360 000102010
700 001110120 312 000110010
1564 001110121 328 000101010
2428 001110122 360 000102010
220 001110200 596 001010020
1084 001110201 620 001101020
1948 001110202 652 001102020
508 001110210 600 000110020
1372 001110211 616 000101020
2236 001110212 648 000102020
796 001110220 600 000110020
1660 001110221 616 000101020
2524 001110222 648 000102020
60 001111000 116 001010100
924 001111001 140 001101100
1788 001111002 172 001102100
348 001111010 120 000110100
1212 001111011 136 000101100
2076 001111012 168 000102100
636 001111020 120 000110100
1500 001111021 136 000101100
2364 001111022 168 000102100
156 001111100 404 001010110
1020 001111101 428 001101110
1884 001111102 460 001102110
444 001111110 408 000110110
1308 001111111 424 000101110
2172 001111112 456 000102110
732 001111120 408 000110110
1596 001111121 424 000101110
2460 001111122 456 000102110
252 001111200 692 001010120
1116 001111201 716 001101120
1980 001111202 748 001102120
540 001111210 696 000110120
1404 001111211 712 000101120
2268 001111212 744 000102120
828 001111220 696 000110120
1692 001111221 712 000101120
2556 001111222 744 000102120
92 001112000 116 001010100
956 001112001 140 001101100
1820 001112002 172 001102100
380 001112010 120 000110100
1244 001112011 136 000101100
2108 001112012 168 000102100
668 001112020 120 000110100
1532 001112021 136 000101100
2396 001112022 168 000102100
188 001112100 404 001010110
1052 001112101 428 001101110
1916 001112102 460 001102110
476 001112110 408 000110110
1340 001112111 424 000101110
2204 001112112 456 000102110
764 001112120 408 000110110
1628 001112121 424 000101110
2492 001112122 456 000102110
284 001112200 692 001010120
1148 001112201 716 001101120
2012 001112202 748 001102120
572 001112210 696 000110120
1436 001112211 712 000101120
2300 001112212 744 000102120
860 001112220 696 000110120
1724 001112221 712 000101120
2588 001112222 744 000102120
2 010000000 1 100000000
866 010000001 905 100101001
1730 010000002 1801 100102002
290 010000010 873 100100001
1154 010000011 905 100101001
2018 010000012 1801 100102002
578 010000020 1737 100100002
1442 010000021 1769 100101002
2306 010000022 1801 100102002
98 010000100 289 100000010
962 010000101 1193 100101011
1826 010000102 2089 100102012
386 010000110 1161 100100011
1250 010000111 1193 100101011
2114 010000112 2089 100102012
674 010000120 2025 100100012
1538 010000121 2057 100101012
2402 010000122 2089 100102012
194 010000200 577 100000020
1058 010000201 1481 100101021
1922 010000202 2377 100102022
482 010000210 1449 100100021
1346 010000211 1481 100101021
2210 010000212 2377 100102022
770 010000220 2313 100100022
1634 010000221 2345 100101022
2498 010000222 2377 100102022
34 010001000 97 100000100
898 010001001 1001 100101101
1762 010001002 1897 100102102
322 010001010 969 100100101
1186 010001011 1001 100101101
2050 010001012 1897 100102102
610 010001020 1833 100100102
1474 010001021 1865 100101102
2338 010001022 1897 100102102
130 010001100 385 100000110
994 010001101 1289 100101111
1858 010001102 2185 100102112
418 010001110 1257 100100111
1282 010001111 1289 100101111
2146 010001112 2185 100102112
706 010001120 2121 100100112
1570 010001121 2153 100101112
2434 010001122 2185 100102112
226 010001200 673 100000120
1090 010001201 1577 100101121
1954 010001202 2473 100102122
514 010001210 1545 100100121
1378 010001211 1577 100101121
2242 010001212 2473 100102122
802 010001220 2409 100100122
1666 010001221 2441 100101122
2530 010001222 2473 100102122
66 010002000 193 100000200
930 010002001 1097 100101201
1794 010002002 1993 100102202
354 010002010 1065 100100201
1218 010002011 1097 100101201
2082 010002012 1993 100102202
642 010002020 1929 100100202
1506 010002021 1961 100101202
2370 010002022 1993 100102202
162 010002100 481 100000210
1026 010002101 1385 100101211
1890 010002102 2281 100102212
450 010002110 1353 100100211
1314 010002111 1385 100101211
2178 010002112 2281 100102212
738 010002120 2217 100100212
1602 010002121 2249 100101212
2466 010002122 2281 100102212
258 010002200 769 100000220
1122 010002201 1673 100101221
1986 010002202 2569 100102222
546 010002210 1641 100100221
1410 010002211 1673 100101221
2274 010002212 2569 100102222
834 010002220 2505 100100222
1698 010002221 2537 100101222
2562 010002222 2569 100102222
18 010010000 21 101010000
882 010010001 45 101101000
1746 010010002 77 101102000
306 010010010 25 100110000
1170 010010011 41 100101000
2034 010010012 73 100102000
594 010010020 25 100110000
1458 010010021 41 100101000
2322 010010022 73 100102000
114 010010100 309 101010010
978 010010101 333 101101010
1842 010010102 365 101102010
402 010010110 313 100110010
1266 010010111 329 100101010
2130 010010112 361 100102010
690 010010120 313 100110010
1554 010010121 329 100101010
2418 010010122 361 100102010
210 010010200 597 101010020
1074 010010201 621 101101020
1938 010010202 653 101102020
498 010010210 601 100110020
1362 010010211 617 100101020
2226 010010212 649 100102020
786 010010220 601 100110020
1650 010010221 617 100101020
2514 010010222 649 100102020
50 010011000 117 101010100
914 010011001 141 101101100
1778 010011002 173 101102100
338 010011010 121 100110100
1202 010011011 137 100101100
2066 010011012 169 100102100
626 010011020 121 100110100
1490 010011021 137 100101100
2354 010011022 169 100102100
146 010011100 405 101010110
1010 010011101 429 101101110
1874 010011102 461 101102110
434 010011110 409 100110110
1298 010011111 425 100101110
2162 010011112 457 100102110
722 010011120 409 100110110
1586 010011121 425 100101110
2450 010011122 457 100102110
242 010011200 693 101010120
1106 010011201 717 101101120
1970 010011202 749 101102120
530 010011210 697 100110120
1394 010011211 713 100101120
2258 010011212 745 100102120
818 010011220 697 100110120
1682 010011221 713 100101120
2546 010011222 745 100102120
82 010012000 213 101010200
946 010012001 237 101101200
1810 010012002 269 101102200
370 010012010 217 100110200
1234 010012011 233 100101200
2098 010012012 265 100102200
658 010012020 217 100110200
1522 010012021 233 100101200
2386 010012022 265 100102200
178 010012100 501 101010210
1042 010012101 525 101101210
1906 010012102 557 101102210
466 010012110 505 100110210
1330 010012111 521 100101210
2194 010012112 553 100102210
754 010012120 505 100110210
1618 010012121 521 100101210
2482 010012122 553 100102210
274 010012200 789 101010220
1138 010012201 813 101101220
2002 010012202 845 101102220
562 010012210 793 100110220
1426 010012211 809 100101220
2290 010012212 841 100102220
850 010012220 793 100110220
1714 010012221 809 100101220
2578 010012222 841 100102220
10 010100000 1 100000000
874 010100001 905 100101001
1738 010100002 1801 100102002
298 010100010 873 100100001
1162 010100011 905 100101001
2026 010100012 1801 100102002
586 010100020 1737 100100002
1450 010100021 1769 100101002
2314 010100022 1801 100102002
106 010100100 289 100000010
970 010100101 1193 100101011
1834 010100102 2089 100102012
394 010100110 1161 100100011
1258 010100111 1193 100101011
2122 010100112 2089 100102012
682 010100120 2025 100100012
1546 010100121 2057 100101012
2410 010100122 2089 100102012
202 010100200 577 100000020
1066 010100201 1481 100101021
1930 010100202 2377 100102022
490 010100210 1449 100100021
1354 010100211 1481 100101021
2218 010100212 2377 100102022
778 010100220 2313 100100022
1642 010100221 2345 100101022
2506 010100222 2377 100102022
42 010101000 97 100000100
906 010101001 1001 100101101
1770 010101002 1897 100102102
330 010101010 969 100100101
1194 010101011 1001 100101101
2058 010101012 1897 100102102
618 010101020 1833 100100102
1482 010101021 1865 100101102
2346 010101022 1897 100102102
138 010101100 385 100000110
1002 010101101 1289 100101111
1866 010101102 2185 100102112
426 010101110 1257 100100111
1290 010101111 1289 100101111
2154 010101112 2185 100102112
714 010101120 2121 100100112
1578 010101121 2153 100101112
2442 010101122 2185 100102112
234 010101200 673 100000120
1098 010101201 1577 100101121
1962 010101202 2473 100102122
522 010101210 1545 100100121
1386 010101211 1577 100101121
2250 010101212 2473 100102122
810 010101220 2409 100100122
1674 010101221 2441 100101122
2538 010101222 2473 100102122
74 010102000 97 100000100
938 010102001 1001 100101101
1802 010102002 1897 100102102
362 010102010 969 100100101
1226 010102011 1001 100101101
2090 010102012 1897 100102102
650 010102020 1833 100100102
1514 010102021 1865 100101102
2378 010102022 1897 100102102
170 010102100 385 100000110
1034 010102101 1289 100101111
1898 010102102 2185 100102112
458 010102110 1257 100100111
1322 010102111 1289 100101111
2186 010102112 2185 100102112
746 010102120 2121 100100112
1610 010102121 2153 100101112
2474 010102122 2185 100102112
266 010102200 673 100000120
1130 010102201 1577 100101121
1994 010102202 2473 100102122
554 010102210 1545 100100121
1418 010102211 1577 100101121
2282 010102212 2473 100102122
842 010102220 2409 100100122
1706 010102221 2441 100101122
2570 010102222 2473 100102122
26 010110000 21 101010000
890 010110001 45 101101000
1754 010110002 77 101102000
314 010110010 25 100110000
1178 010110011 41 100101000
2042 010110012 73 100102000
602 010110020 25 100110000
1466 010110021 41 100101000
2330 010110022 73 100102000
122 010110100 309 101010010
986 010110101 333 101101010
1850 010110102 365 101102010
410 010110110 313 100110010
1274 010110111 329 100101010
2138 010110112 361 100102010
698 010110120 313 100110010
1562 010110121 329 100101010
2426 010110122 361 100102010
218 010110200 597 101010020
1082 010110201 621 101101020
1946 010110202 653 101102020
506 010110210 601 100110020
1370 010110211 617 100101020
2234 010110212 649 100102020
794 010110220 601 100110020
1658 010110221 617 100101020
2522 010110222 649 100102020
58 010111000 117 101010100
922 010111001 141 101101100
1786 010111002 173 101102100
346 010111010 121 100110100
1210 010111011 137 100101100
2074 010111012 169 100102100
634 010111020 121 100110100
1498 010111021 137 100101100
2362 010111022 169 100102100
154 010111100 405 101010110
1018 010111101 429 101101110
1882 010111102 461 101102110
442 010111110 409 100110110
1306 010111111 425 100101110
2170 010111112 457 100102110
730 010111120 409 100110110
1594 010111121 425 100101110
2458 010111122 457 100102110
250 010111200 693 101010120
1114 010111201 717 101101120
1978 010111202 749 101102120
538 010111210 697 100110120
1402 010111211 713 100101120
2266 010111212 745 100102120
826 010111220 697 100110120
1690 010111221 713 100101120
2554 010111222 745 100102120
90 010112000 117 101010100
954 010112001 141 101101100
1818 010112002 173 101102100
378 010112010 121 100110100
1242 010112011 137 100101100
2106 010112012 169 100102100
666 010112020 121 100110100
1530 010112021 137 100101100
2394 010112022 169 100102100
186 010112100 405 101010110
1050 010112101 429 101101110
1914 010112102 461 101102110
474 010112110 409 100110110
1338 010112111 425 100101110
2202 010112112 457 100102110
762 010112120 409 100110110
1626 010112121 425 100101110
2490 010112122 457 100102110
282 010112200 693 101010120
1146 010112201 717 101101120
2010 010112202 749 101102120
570 010112210 697 100110120
1434 010112211 713 100101120
2298 010112212 745 100102120
858 010112220 697 100110120
1722 010112221 713 100101120
2586 010112222 745 100102120
6 011000000 3 110000000
870 011000001 907 110101001
1734 011000002 1803 110102002
294 011000010 875 110100001
1158 011000011 907 110101001
2022 011000012 1803 110102002
582 011000020 1739 110100002
1446 011000021 1771 110101002
2310 011000022 1803 110102002
102 011000100 291 110000010
966 011000101 1195 110101011
1830 011000102 2091 110102012
390 011000110 1163 110100011
1254 011000111 1195 110101011
2118 011000112 2091 110102012
678 011000120 2027 110100012
1542 011000121 2059 110101012
2406 011000122 2091 110102012
198 011000200 579 110000020
1062 011000201 1483 110101021
1926 011000202 2379 110102022
486 011000210 1451 110100021
1350 011000211 1483 110101021
2214 011000212 2379 110102022
774 011000220 2315 110100022
1638 011000221 2347 110101022
2502 011000222 2379 110102022
38 011001000 99 110000100
902 011001001 1003 110101101
1766 011001002 1899 110102102
326 011001010 971 110100101
1190 011001011 1003 110101101
2054 011001012 1899 110102102
614 011001020 1835 110100102
1478 011001021 1867 110101102
2342 011001022 1899 110102102
134 011001100 387 110000110
998 011001101 1291 110101111
1862 011001102 2187 110102112
422 011001110 1259 110100111
1286 011001111 1291 110101111
2150 011001112 2187 110102112
710 011001120 2123 110100112
1574 011001121 2155 110101112
2438 011001122 2187 110102112
230 011001200 675 110000120
1094 011001201 1579 110101121
1958 011001202 2475 110102122
518 011001210 1547 110100121
1382 011001211 1579 110101121
2246 011001212 2475 110102122
806 011001220 2411 110100122
1670 011001221 2443 110101122
2534 011001222 2475 110102122
70 011002000 195 110000200
934 011002001 1099 110101201
1798 011002002 1995 110102202
358 011002010 1067 110100201
1222 011002011 1099 110101201
2086 011002012 1995 110102202
646 011002020 1931 110100202
1510 011002021 1963 110101202
2374 011002022 1995 110102202
166 011002100 483 110000210
1030 011002101 1387 110101211
1894 011002102 2283 110102212
454 011002110 1355 110100211
1318 011002111 1387 110101211
2182 011002112 2283 110102212
742 011002120 2219 110100212
1606 011002121 2251 110101212
2470 011002122 2283 110102212
262 011002200 771 110000220
1126 011002201 1675 110101221
1990 011002202 2571 110102222
550 011002210 1643 110100221
1414 011002211 1675 110101221
2278 011002212 2571 110102222
838 011002220 2507 110100222
1702 011002221 2539 110101222
2566 011002222 2571 110102222
22 011010000 23 111010000
886 011010001 47 111101000
1750 011010002 79 111102000
310 011010010 27 110110000
1174 011010011 43 110101000
2038 011010012 75 110102000
598 011010020 27 110110000
1462 011010021 43 110101000
2326 011010022 75 110102000
118 011010100 311 111010010
982 011010101 335 111101010
1846 011010102 367 111102010
406 011010110 315 110110010
1270 011010111 331 110101010
2134 011010112 363 110102010
694 011010120 315 110110010
1558 011010121 331 110101010
2422 011010122 363 110102010
214 011010200 599 111010020
1078 011010201 623 111101020
1942 011010202 655 111102020
502 011010210 603 110110020
1366 011010211 619 110101020
2230 011010212 651 110102020
790 011010220 603 110110020
1654 011010221 619 110101020
2518 011010222 651 110102020
54 011011000 119 111010100
918 011011001 143 111101100
1782 011011002 175 111102100
342 011011010 123 110110100
1206 011011011 139 110101100
2070 011011012 171 110102100
630 011011020 123 110110100
1494 011011021 139 110101100
2358 011011022 171 110102100
150 011011100 407 111010110
1014 011011101 431 111101110
1878 011011102 463 111102110
438 011011110 411 110110110
1302 011011111 427 110101110
2166 011011112 459 110102110
726 011011120 411 110110110
1590 011011121 427 110101110
2454 011011122 459 110102110
246 011011200 695 111010120
1110 011011201 719 111101120
1974 011011202 751 111102120
534 011011210 699 110110120
1398 011011211 715 110101120
2262 011011212 747 110102120
822 011011220 699 110110120
1686 011011221 715 110101120
2550 011011222 747 110102120
86 011012000 215 111010200
950 011012001 239 111101200
1814 011012002 271 111102200
374 011012010 219 110110200
1238 011012011 235 110101200
2102 011012012 267 110102200
662 011012020 219 110110200
1526 011012021 235 110101200
2390 011012022 267 110102200
182 011012100 503 111010210
1046 011012101 527 111101210
1910 011012102 559 111102210
470 011012110 507 110110210
1334 011012111 523 110101210
2198 011012112 555 110102210
758 011012120 507 110110210
1622 011012121 523 110101210
2486 011012122 555 110102210
278 011012200 791 111010220
1142 011012201 815 111101220
2006 011012202 847 111102220
566 011012210 795 110110220
1430 011012211 811 110101220
2294 011012212 843 110102220
854 011012220 795 110110220
1718 011012221 811 110101220
2582 011012222 843 110102220
14 011100000 1 100000000
878 011100001 905 100101001
1742 011100002 1801 100102002
302 011100010 873 100100001
1166 011100011 905 100101001
2030 011100012 1801 100102002
590 011100020 1737 100100002
1454 011100021 1769 100101002
2318 011100022 1801 100102002
110 011100100 289 100000010
974 011100101 1193 100101011
1838 011100102 2089 100102012
398 011100110 1161 100100011
1262 011100111 1193 100101011
2126 011100112 2089 100102012
686 011100120 2025 100100012
1550 011100121 2057 100101012
2414 011100122 2089 100102012
206 011100200 577 100000020
1070 011100201 1481 100101021
1934 011100202 2377 100102022
494 011100210 1449 100100021
1358 011100211 1481 100101021
2222 011100212 2377 100102022
782 011100220 2313 100100022
1646 011100221 2345 100101022
2510 011100222 2377 100102022
46 011101000 97 100000100
910 011101001 1001 100101101
1774 011101002 1897 100102102
334 011101010 969 100100101
1198 011101011 1001 100101101
2062 011101012 1897 100102102
622 011101020 1833 100100102
1486 011101021 1865 100101102
2350 011101022 1897 100102102
142 011101100 385 100000110
1006 011101101 1289 100101111
1870 011101102 2185 100102112
430 011101110 1257 100100111
1294 011101111 1289 100101111
2158 011101112 2185 100102112
718 011101120 2121 100100112
1582 011101121 2153 100101112
2446 011101122 2185 100102112
238 011101200 673 100000120
1102 011101201 1577 100101121
1966 011101202 2473 100102122
526 011101210 1545 100100121
1390 011101211 1577 100101121
2254 011101212 2473 100102122
814 011101220 2409 100100122
1678 011101221 2441 100101122
2542 011101222 2473 100102122
78 011102000 97 100000100
942 011102001 1001 100101101
1806 011102002 1897 100102102
366 011102010 969 100100101
1230 011102011 1001 100101101
2094 011102012 1897 100102102
654 011102020 1833 100100102
1518 011102021 1865 100101102
2382 011102022 1897 100102102
174 011102100 385 100000110
1038 011102101 1289 100101111
1902 011102102 2185 100102112
462 011102110 1257 100100111
1326 011102111 1289 100101111
2190 011102112 2185 100102112
750 011102120 2121 100100112
1614 011102121 2153 100101112
2478 011102122 2185 100102112
270 011102200 673 100000120
1134 011102201 1577 100101121
1998 011102202 2473 100102122
558 011102210 1545 100100121
1422 011102211 1577 100101121
2286 011102212 2473 100102122
846 011102220 2409 100100122
1710 011102221 2441 100101122
2574 011102222 2473 100102122
30 011110000 21 101010000
894 011110001 45 101101000
1758 011110002 77 101102000
318 011110010 25 100110000
1182 011110011 41 100101000
2046 011110012 73 100102000
606 011110020 25 100110000
1470 011110021 41 100101000
2334 011110022 73 100102000
126 011110100 309 101010010
990 011110101 333 101101010
1854 011110102 365 101102010
414 011110110 313 100110010
1278 011110111 329 100101010
2142 011110112 361 100102010
702 011110120 313 100110010
1566 011110121 329 100101010
2430 011110122 361 100102010
222 011110200 597 101010020
1086 011110201 621 101101020
1950 011110202 653 101102020
510 011110210 601 100110020
1374 011110211 617 100101020
2238 011110212 649 100102020
798 011110220 601 100110020
1662 011110221 617 100101020
2526 011110222 649 100102020
62 011111000 117 101010100
926 011111001 141 101101100
1790 011111002 173 101102100
350 011111010 121 100110100
1214 011111011 137 100101100
2078 011111012 169 100102100
638 011111020 121 100110100
1502 011111021 137 100101100
2366 011111022 169 100102100
158 011111100 405 101010110
1022 011111101 429 101101110
1886 011111102 461 101102110
446 011111110 409 100110110
1310 011111111 425 100101110
2174 011111112 457 100102110
734 011111120 409 100110110
1598 011111121 425 100101110
2462 011111122 457 100102110
254 011111200 693 101010120
1118 011111201 717 101101120
1982 011111202 749 101102120
542 011111210 697 100110120
1406 011111211 713 100101120
2270 011111212 745 100102120
830 011111220 697 100110120
1694 011111221 713 100101120
2558 011111222 745 100102120
94 011112000 117 101010100
958 011112001 141 101101100
1822 011112002 173 101102100
382 011112010 121 100110100
1246 011112011 137 100101100
2110 011112012 169 100102100
670 011112020 121 100110100
1534 011112021 137 100101100
2398 011112022 169 100102100
190 011112100 405 101010110
1054 011112101 429 101101110
1918 011112102 461 101102110
478 011112110 409 100110110
1342 011112111 425 100101110
2206 011112112 457 100102110
766 011112120 409 100110110
1630 011112121 425 100101110
2494 011112122 457 100102110
286 011112200 693 101010120
1150 011112201 717 101101120
2014 011112202 749 101102120
574 011112210 697 100110120
1438 011112211 713 100101120
2302 011112212 745 100102120
862 011112220 697 100110120
1726 011112221 713 100101120
2590 011112222 745 100102120
1 100000000 16 000010000
865 100000001 904 000101001
1729 100000002 1800 000102002
289 100000010 888 000110001
1153 100000011 904 000101001
2017 100000012 1800 000102002
577 100000020 1752 000110002
1441 100000021 1768 000101002
2305 100000022 1800 000102002
97 100000100 304 000010010
961 100000101 1192 000101011
1825 100000102 2088 000102012
385 100000110 1176 000110011
1249 100000111 1192 000101011
2113 100000112 2088 000102012
673 100000120 2040 000110012
1537 100000121 2056 000101012
2401 100000122 2088 000102012
193 100000200 592 000010020
1057 100000201 1480 000101021
1921 100000202 2376 000102022
481 100000210 1464 000110021
1345 100000211 1480 000101021
2209 100000212 2376 000102022
769 100000220 2328 000110022
1633 100000221 2344 000101022
2497 100000222 2376 000102022
33 100001000 112 000010100
897 100001001 1000 000101101
1761 100001002 1896 000102102
321 100001010 984 000110101
1185 100001011 1000 000101101
2049 100001012 1896 000102102
609 100001020 1848 000110102
1473 100001021 1864 000101102
2337 100001022 1896 000102102
129 100001100 400 000010110
993 100001101 1288 000101111
1857 100001102 2184 000102112
417 100001110 1272 000110111
1281 100001111 1288 000101111
2145 100001112 2184 000102112
705 100001120 2136 000110112
1569 100001121 2152 000101112
2433 100001122 2184 000102112
225 100001200 688 000010120
1089 100001201 1576 000101121
1953 100001202 2472 000102122
513 100001210 1560 000110121
1377 100001211 1576 000101121
2241 100001212 2472 000102122
801 100001220 2424 000110122
1665 100001221 2440 000101122
2529 100001222 2472 000102122
65 100002000 208 000010200
929 100002001 1096 000101201
1793 100002002 1992 000102202
353 100002010 1080 000110201
1217 100002011 1096 000101201
2081 100002012 1992 000102202
641 100002020 1944 000110202
1505 100002021 1960 000101202
2369 100002022 1992 000102202
161 100002100 496 000010210
1025 100002101 1384 000101211
1889 100002102 2280 000102212
449 100002110 1368 000110211
1313 100002111 1384 000101211
2177 100002112 2280 000102212
737 100002120 2232 000110212
1601 100002121 2248 000101212
2465 100002122 2280 000102212
257 100002200 784 000010220
1121 100002201 1672 000101221
1985 100002202 2568 000102222
545 100002210 1656 000110221
1409 100002211 1672 000101221
2273 100002212 2568 000102222
833 100002220 2520 000110222
1697 100002221 2536 000101222
2561 100002222 2568 000102222
17 100010000 20 001010000
881 100010001 44 001101000
1745 100010002 76 001102000
305 100010010 24 000110000
1169 100010011 40 000101000
2033 100010012 72 000102000
593 100010020 24 000110000
1457 100010021 40 000101000
2321 100010022 72 000102000
113 100010100 308 001010010
977 100010101 332 001101010
1841 100010102 364 001102010
401 100010110 312 000110010
1265 100010111 328 000101010
2129 100010112 360 000102010
689 100010120 312 000110010
1553 100010121 328 000101010
2417 100010122 360 000102010
209 100010200 596 001010020
1073 100010201 620 001101020
1937 100010202 652 001102020
497 100010210 600 000110020
1361 100010211 616 000101020
2225 100010212 648 000102020
785 100010220 600 000110020
1649 100010221 616 000101020
2513 100010222 648 000102020
49 100011000 116 001010100
913 100011001 140 001101100
1777 100011002 172 001102100
337 100011010 120 000110100
1201 100011011 136 000101100
2065 100011012 168 000102100
625 100011020 120 000110100
1489 100011021 136 000101100
2353 100011022 168 000102100
145 100011100 404 001010110
1009 100011101 428 001101110
1873 100011102 460 001102110
433 100011110 408 000110110
1297 100011111 424 000101110
2161 100011112 456 000102110
721 100011120 408 000110110
1585 100011121 424 000101110
2449 100011122 456 000102110
241 100011200 692 001010120
1105 100011201 716 001101120
1969 100011202 748 001102120
529 100011210 696 000110120
1393 100011211 712 000101120
2257 100011212 744 000102120
817 100011220 696 000110120
1681 100011221 712 000101120
2545 100011222 744 000102120
81 100012000 212 001010200
945 100012001 236 001101200
1809 100012002 268 001102200
369 100012010 216 000110200
1233 100012011 232 000101200
2097 100012012 264 000102200
657 100012020 216 000110200
1521 100012021 232 000101200
2385 100012022 264 000102200
177 100012100 500 001010210
1041 100012101 524 001101210
1905 100012102 556 001102210
465 100012110 504 000110210
1329 100012111 520 000101210
2193 100012112 552 000102210
753 100012120 504 000110210
1617 100012121 520 000101210
2481 100012122 552 000102210
273 100012200 788 001010220
1137 100012201 812 001101220
2001 100012202 844 001102220
561 100012210 792 000110220
1425 100012211 808 000101220
2289 100012212 840 000102220
849 100012220 792 000110220
1713 100012221 808 000101220
2577 100012222 840 000102220
9 100100000 16 000010000
873 100100001 904 000101001
1737 100100002 1800 000102002
297 100100010 888 000110001
1161 100100011 904 000101001
2025 100100012 1800 000102002
585 100100020 1752 000110002
1449 100100021 1768 000101002
2313 100100022 1800 000102002
105 100100100 304 000010010
969 100100101 1192 000101011
1833 100100102 2088 000102012
393 100100110 1176 000110011
1257 100100111 1192 000101011
2121 100100112 2088 000102012
681 100100120 2040 000110012
1545 100100121 2056 000101012
2409 100100122 2088 000102012
201 100100200 592 000010020
1065 100100201 1480 000101021
1929 100100202 2376 000102022
489 100100210 1464 000110021
1353 100100211 1480 000101021
2217 100100212 2376 000102022
777 100100220 2328 000110022
1641 100100221 2344 000101022
2505 100100222 2376 000102022
41 100101000 112 000010100
905 100101001 1000 000101101
1769 100101002 1896 000102102
329 100101010 984 000110101
1193 100101011 1000 000101101
2057 100101012 1896 000102102
617 100101020 1848 000110102
1481 100101021 1864 000101102
2345 100101022 1896 000102102
137 100101100 400 000010110
1001 100101101 1288 000101111
1865 100101102 2184 000102112
425 100101110 1272 000110111
1289 100101111 1288 000101111
2153 100101112 2184 000102112
713 100101120 2136 000110112
1577 100101121 2152 000101112
2441 100101122 2184 000102112
233 100101200 688 000010120
1097 100101201 1576 000101121
1961 100101202 2472 000102122
521 100101210 1560 000110121
1385 100101211 1576 000101121
2249 100101212 2472 000102122
809 100101220 2424 000110122
1673 100101221 2440 000101122
2537 100101222 2472 000102122
73 100102000 112 000010100
937 100102001 1000 000101101
1801 100102002 1896 000102102
361 100102010 984 000110101
1225 100102011 1000 000101101
2089 100102012 1896 000102102
649 100102020 1848 000110102
1513 100102021 1864 000101102
2377 100102022 1896 000102102
169 100102100 400 000010110
1033 100102101 1288 000101111
1897 100102102 2184 000102112
457 100102110 1272 000110111
1321 100102111 1288 000101111
2185 100102112 2184 000102112
745 100102120 2136 000110112
1609 100102121 2152 000101112
2473 100102122 2184 000102112
265 100102200 688 000010120
1129 100102201 1576 000101121
1993 100102202 2472 000102122
553 100102210 1560 000110121
1417 100102211 1576 000101121
2281 100102212 2472 000102122
841 100102220 2424 000110122
1705 100102221 2440 000101122
2569 100102222 2472 000102122
25 100110000 20 001010000
889 100110001 44 001101000
1753 100110002 76 001102000
313 100110010 24 000110000
1177 100110011 40 000101000
2041 100110012 72 000102000
601 100110020 24 000110000
1465 100110021 40 000101000
2329 100110022 72 000102000
121 100110100 308 001010010
985 100110101 332 001101010
1849 100110102 364 001102010
409 100110110 312 000110010
1273 100110111 328 000101010
2137 100110112 360 000102010
697 100110120 312 000110010
1561 100110121 328 000101010
2425 100110122 360 000102010
217 100110200 596 001010020
1081 100110201 620 001101020
1945 100110202 652 001102020
505 100110210 600 000110020
1369 100110211 616 000101020
2233 100110212 648 000102020
793 100110220 600 000110020
1657 100110221 616 000101020
2521 100110222 648 000102020
57 100111000 116 001010100
921 100111001 140 001101100
1785 100111002 172 001102100
345 100111010 120 000110100
1209 100111011 136 000101100
2073 100111012 168 000102100
633 100111020 120 000110100
1497 100111021 136 000101100
2361 100111022 168 000102100
153 100111100 404 001010110
1017 100111101 428 001101110
1881 100111102 460 001102110
441 100111110 408 000110110
1305 100111111 424 000101110
2169 100111112 456 000102110
729 100111120 408 000110110
1593 100111121 424 000101110
2457 100111122 456 000102110
249 100111200 692 001010120
1113 100111201 716 001101120
1977 100111202 748 001102120
537 100111210 696 000110120
1401 100111211 712 000101120
2265 100111212 744 000102120
825 100111220 696 000110120
1689 100111221 712 000101120
2553 100111222 744 000102120
89 100112000 116 001010100
953 100112001 140 001101100
1817 100112002 172 001102100
377 100112010 120 000110100
1241 100112011 136 000101100
2105 100112012 168 000102100
665 100112020 120 000110100
1529 100112021 136 000101100
2393 100112022 168 000102100
185 100112100 404 001010110
1049 100112101 428 001101110
1913 100112102 460 001102110
473 100112110 408 000110110
1337 100112111 424 000101110
2201 100112112 456 000102110
761 100112120 408 000110110
1625 100112121 424 000101110
2489 100112122 456 000102110
281 100112200 692 001010120
1145 100112201 716 001101120
2009 100112202 748 001102120
569 100112210 696 000110120
1433 100112211 712 000101120
2297 100112212 744 000102120
857 100112220 696 000110120
1721 100112221 712 000101120
2585 100112222 744 000102120
5 101000000 18 010010000
869 101000001 906 010101001
1733 101000002 1802 010102002
293 101000010 890 010110001
1157 101000011 906 010101001
2021 101000012 1802 010102002
581 101000020 1754 010110002
1445 101000021 1770 010101002
2309 101000022 1802 010102002
101 101000100 306 010010010
965 101000101 1194 010101011
1829 101000102 2090 010102012
389 101000110 1178 010110011
1253 101000111 1194 010101011
2117 101000112 2090 010102012
677 101000120 2042 010110012
1541 101000121 2058 010101012
2405 101000122 2090 010102012
197 101000200 594 010010020
1061 101000201 1482 010101021
1925 101000202 2378 010102022
485 101000210 1466 010110021
1349 101000211 1482 010101021
2213 101000212 2378 010102022
773 101000220 2330 010110022
1637 101000221 2346 010101022
2501 101000222 2378 010102022
37 101001000 114 010010100
901 101001001 1002 010101101
1765 101001002 1898 010102102
325 101001010 986 010110101
1189 101001011 1002 010101101
2053 101001012 1898 010102102
613 101001020 1850 010110102
1477 101001021 1866 010101102
2341 101001022 1898 010102102
133 101001100 402 010010110
997 101001101 1290 010101111
1861 101001102 2186 010102112
421 101001110 1274 010110111
1285 101001111 1290 010101111
2149 101001112 2186 010102112
709 101001120 2138 010110112
1573 101001121 2154 010101112
2437 101001122 2186 010102112
229 101001200 690 010010120
1093 101001201 1578 010101121
1957 101001202 2474 010102122
517 101001210 1562 010110121
1381 101001211 1578 010101121
2245 101001212 2474 010102122
805 101001220 2426 010110122
1669 101001221 2442 010101122
2533 101001222 2474 010102122
69 101002000 210 010010200
933 101002001 1098 010101201
1797 101002002 1994 010102202
357 101002010 1082 010110201
1221 101002011 1098 010101201
2085 101002012 1994 010102202
645 101002020 1946 010110202
1509 101002021 1962 010101202
2373 101002022 1994 010102202
165 101002100 498 010010210
1029 101002101 1386 010101211
1893 101002102 2282 010102212
453 101002110 1370 010110211
1317 101002111 1386 010101211
2181 101002112 2282 010102212
741 101002120 2234 010110212
1605 101002121 2250 010101212
2469 101002122 2282 010102212
261 101002200 786 010010220
1125 101002201 1674 010101221
1989 101002202 2570 010102222
549 101002210 1658 010110221
1413 101002211 1674 010101221
2277 101002212 2570 010102222
837 101002220 2522 010110222
1701 101002221 2538 010101222
2565 101002222 2570 010102222
21 101010000 22 011010000
885 101010001 46 011101000
1749 101010002 78 011102000
309 101010010 26 010110000
1173 101010011 42 010101000
2037 101010012 74 010102000
597 101010020 26 010110000
1461 101010021 42 010101000
2325 101010022 74 010102000
117 101010100 310 011010010
981 101010101 334 011101010
1845 101010102 366 011102010
405 101010110 314 010110010
1269 101010111 330 010101010
2133 101010112 362 010102010
693 101010120 314 010110010
1557 101010121 330 010101010
2421 101010122 362 010102010
213 101010200 598 011010020
1077 101010201 622 011101020
1941 101010202 654 011102020
501 101010210 602 010110020
1365 101010211 618 010101020
2229 101010212 650 010102020
789 101010220 602 010110020
1653 101010221 618 010101020
2517 101010222 650 010102020
53 101011000 118 011010100
917 101011001 142 011101100
1781 101011002 174 011102100
341 101011010 122 010110100
1205 101011011 138 010101100
2069 101011012 170 010102100
629 101011020 122 010110100
1493 101011021 138 010101100
2357 101011022 170 010102100
149 101011100 406 011010110
1013 101011101 430 011101110
1877 101011102 462 011102110
437 101011110 410 010110110
1301 101011111 426 010101110
2165 101011112 458 010102110
725 101011120 410 010110110
1589 101011121 426 010101110
2453 101011122 458 010102110
245 101011200 694 011010120
1109 101011201 718 011101120
1973 101011202 750 011102120
533 101011210 698 010110120
1397 101011211 714 010101120
2261 101011212 746 010102120
821 101011220 698 010110120
1685 101011221 714 010101120
2549 101011222 746 010102120
85 101012000 214 011010200
949 101012001 238 011101200
1813 101012002 270 011102200
373 101012010 218 010110200
1237 101012011 234 010101200
2101 101012012 266 010102200
661 101012020 218 010110200
1525 101012021 234 010101200
2389 101012022 266 010102200
181 101012100 502 011010210
1045 101012101 526 011101210
1909 101012102 558 011102210
469 101012110 506 010110210
1333 101012111 522 010101210
2197 101012112 554 010102210
757 101012120 506 010110210
1621 101012121 522 010101210
2485 101012122 554 010102210
277 101012200 790 011010220
1141 101012201 814 011101220
2005 101012202 846 011102220
565 101012210 794 010110220
1429 101012211 810 010101220
2293 101012212 842 010102220
853 101012220 794 010110220
1717 101012221 810 010101220
2581 101012222 842 010102220
13 101100000 16 000010000
877 101100001 904 000101001
1741 101100002 1800 000102002
301 101100010 888 000110001
1165 101100011 904 000101001
2029 101100012 1800 000102002
589 101100020 1752 000110002
1453 101100021 1768 000101002
2317 101100022 1800 000102002
109 101100100 304 000010010
973 101100101 1192 000101011
1837 101100102 2088 000102012
397 101100110 1176 000110011
1261 101100111 1192 000101011
2125 101100112 2088 000102012
685 101100120 2040 000110012
1549 101100121 2056 000101012
2413 101100122 2088 000102012
205 101100200 592 000010020
1069 101100201 1480 000101021
1933 101100202 2376 000102022
493 101100210 1464 000110021
1357 101100211 1480 000101021
2221 101100212 2376 000102022
781 101100220 2328 000110022
1645 101100221 2344 000101022
2509 101100222 2376 000102022
45 101101000 112 000010100
909 101101001 1000 000101101
1773 101101002 1896 000102102
333 101101010 984 000110101
1197 101101011 1000 000101101
2061 101101012 1896 000102102
621 101101020 1848 000110102
1485 101101021 1864 000101102
2349 101101022 1896 000102102
141 101101100 400 000010110
1005 101101101 1288 000101111
1869 101101102 2184 000102112
429 101101110 1272 000110111
1293 101101111 1288 000101111
2157 101101112 2184 000102112
717 101101120 2136 000110112
1581 101101121 2152 000101112
2445 101101122 2184 000102112
237 101101200 688 000010120
1101 101101201 1576 000101121
1965 101101202 2472 000102122
525 101101210 1560 000110121
1389 101101211 1576 000101121
2253 101101212 2472 000102122
813 101101220 2424 000110122
1677 101101221 2440 000101122
2541 101101222 2472 000102122
77 101102000 112 000010100
941 101102001 1000 000101101
1805 101102002 1896 000102102
365 101102010 984 000110101
1229 101102011 1000 000101101
2093 101102012 1896 000102102
653 101102020 1848 000110102
1517 101102021 1864 000101102
2381 101102022 1896 000102102
173 101102100 400 000010110
1037 101102101 1288 000101111
1901 101102102 2184 000102112
461 101102110 1272 000110111
1325 101102111 1288 000101111
2189 101102112 2184 000102112
749 101102120 2136 000110112
1613 101102121 2152 000101112
2477 101102122 2184 000102112
269 101102200 688 000010120
1133 101102201 1576 000101121
1997 101102202 2472 000102122
557 101102210 1560 000110121
1421 101102211 1576 000101121
2285 101102212 2472 000102122
845 101102220 2424 000110122
1709 101102221 2440 000101122
2573 101102222 2472 000102122
29 101110000 20 001010000
893 101110001 44 001101000
1757 101110002 76 001102000
317 101110010 24 000110000
1181 101110011 40 000101000
2045 101110012 72 000102000
605 101110020 24 000110000
1469 101110021 40 000101000
2333 101110022 72 000102000
125 101110100 308 001010010
989 101110101 332 001101010
1853 101110102 364 001102010
413 101110110 312 000110010
1277 101110111 328 000101010
2141 101110112 360 000102010
701 101110120 312 000110010
1565 101110121 328 000101010
2429 101110122 360 000102010
221 101110200 596 001010020
1085 101110201 620 001101020
1949 101110202 652 001102020
509 101110210 600 000110020
1373 101110211 616 000101020
2237 101110212 648 000102020
797 101110220 600 000110020
1661 101110221 616 000101020
2525 101110222 648 000102020
61 101111000 116 001010100
925 101111001 140 001101100
1789 101111002 172 001102100
349 101111010 120 000110100
1213 101111011 136 000101100
2077 101111012 168 000102100
637 101111020 120 000110100
1501 101111021 136 000101100
2365 101111022 168 000102100
157 101111100 404 001010110
1021 101111101 428 001101110
1885 101111102 460 001102110
445 101111110 408 000110110
1309 101111111 424 000101110
2173 101111112 456 000102110
733 101111120 408 000110110
1597 101111121 424 000101110
2461 101111122 456 000102110
253 101111200 692 001010120
1117 101111201 716 001101120
1981 101111202 748 001102120
541 101111210 696 000110120
1405 101111211 712 000101120
2269 101111212 744 000102120
829 101111220 696 000110120
1693 101111221 712 000101120
2557 101111222 744 000102120
93 101112000 116 001010100
957 101112001 140 001101100
1821 101112002 172 001102100
381 101112010 120 000110100
1245 101112011 136 000101100
2109 101112012 168 000102100
669 101112020 120 000110100
1533 101112021 136 000101100
2397 101112022 168 000102100
189 101112100 404 001010110
1053 101112101 428 001101110
1917 101112102 460 001102110
477 101112110 408 000110110
1341 101112111 424 000101110
2205 101112112 456 000102110
765 101112120 408 000110110
1629 101112121 424 000101110
2493 101112122 456 000102110
285 101112200 692 001010120
1149 101112201 716 001101120
2013 101112202 748 001102120
573 101112210 696 000110120
1437 101112211 712 000101120
2301 101112212 744 000102120
861 101112220 696 000110120
1725 101112221 712 000101120
2589 101112222 744 000102120
3 110000000 17 100010000
867 110000001 905 100101001
1731 110000002 1801 100102002
291 110000010 889 100110001
1155 110000011 905 100101001
2019 110000012 1801 100102002
579 110000020 1753 100110002
1443 110000021 1769 100101002
2307 110000022 1801 100102002
99 110000100 305 100010010
963 110000101 1193 100101011
1827 110000102 2089 100102012
387 110000110 1177 100110011
1251 110000111 1193 100101011
2115 110000112 2089 100102012
675 110000120 2041 100110012
1539 110000121 2057 100101012
2403 110000122 2089 100102012
195 110000200 593 100010020
1059 110000201 1481 100101021
1923 110000202 2377 100102022
483 110000210 1465 100110021
1347 110000211 1481 100101021
2211 110000212 2377 100102022
771 110000220 2329 100110022
1635 110000221 2345 100101022
2499 110000222 2377 100102022
35 110001000 113 100010100
899 110001001 1001 100101101
1763 110001002 1897 100102102
323 110001010 985 100110101
1187 110001011 1001 100101101
2051 110001012 1897 100102102
611 110001020 1849 100110102
1475 110001021 1865 100101102
2339 110001022 1897 100102102
131 110001100 401 100010110
995 110001101 1289 100101111
1859 110001102 2185 100102112
419 110001110 1273 100110111
1283 110001111 1289 100101111
2147 110001112 2185 100102112
707 110001120 2137 100110112
1571 110001121 2153 100101112
2435 110001122 2185 100102112
227 110001200 689 100010120
1091 110001201 1577 100101121
1955 110001202 2473 100102122
515 110001210 1561 100110121
1379 110001211 1577 100101121
2243 110001212 2473 100102122
803 110001220 2425 100110122
1667 110001221 2441 100101122
2531 110001222 2473 100102122
67 110002000 209 100010200
931 110002001 1097 100101201
1795 110002002 1993 100102202
355 110002010 1081 100110201
1219 110002011 1097 100101201
2083 110002012 1993 100102202
643 110002020 1945 100110202
1507 110002021 1961 100101202
2371 110002022 1993 100102202
163 110002100 497 100010210
1027 110002101 1385 100101211
1891 110002102 2281 100102212
451 110002110 1369 100110211
1315 110002111 1385 100101211
2179 110002112 2281 100102212
739 110002120 2233 100110212
1603 110002121 2249 100101212
2467 110002122 2281 100102212
259 110002200 785 100010220
1123 110002201 1673 100101221
1987 110002202 2569 100102222
547 110002210 1657 100110221
1411 110002211 1673 100101221
2275 110002212 2569 100102222
835 110002220 2521 100110222
1699 110002221 2537 100101222
2563 110002222 2569 100102222
19 110010000 21 101010000
883 110010001 45 101101000
1747 110010002 77 101102000
307 110010010 25 100110000
1171 110010011 41 100101000
2035 110010012 73 100102000
595 110010020 25 100110000
1459 110010021 41 100101000
2323 110010022 73 100102000
115 110010100 309 101010010
979 110010101 333 101101010
1843 110010102 365 101102010
403 110010110 313 100110010
1267 110010111 329 100101010
2131 110010112 361 100102010
691 110010120 313 100110010
1555 110010121 329 100101010
2419 110010122 361 100102010
211 110010200 597 101010020
1075 110010201 621 101101020
1939 110010202 653 101102020
499 110010210 601 100110020
1363 110010211 617 100101020
2227 110010212 649 100102020
787 110010220 601 100110020
1651 110010221 617 100101020
2515 110010222 649 100102020
51 110011000 117 101010100
915 110011001 141 101101100
1779 110011002 173 101102100
339 110011010 121 100110100
1203 110011011 137 100101100
2067 110011012 169 100102100
627 110011020 121 100110100
1491 110011021 137 100101100
2355 110011022 169 100102100
147 110011100 405 101010110
1011 110011101 429 101101110
1875 110011102 461 101102110
435 110011110 409 100110110
1299 110011111 425 100101110
2163 110011112 457 100102110
723 110011120 409 100110110
1587 110011121 425 100101110
2451 110011122 457 100102110
243 110011200 693 101010120
1107 110011201 717 101101120
1971 110011202 749 101102120
531 110011210 697 100110120
1395 110011211 713 100101120
2259 110011212 745 100102120
819 110011220 697 100110120
1683 110011221 713 100101120
2547 110011222 745 100102120
83 110012000 213 101010200
947 110012001 237 101101200
1811 110012002 269 101102200
371 110012010 217 100110200
1235 110012011 233 100101200
2099 110012012 265 100102200
659 110012020 217 100110200
1523 110012021 233 100101200
2387 110012022 265 100102200
179 110012100 501 101010210
1043 110012101 525 101101210
1907 110012102 557 101102210
467 110012110 505 100110210
1331 110012111 521 100101210
2195 110012112 553 100102210
755 110012120 505 100110210
1619 110012121 521 100101210
2483 110012122 553 100102210
275 110012200 789 101010220
1139 110012201 813 101101220
2003 110012202 845 101102220
563 110012210 793 100110220
1427 110012211 809 100101220
2291 110012212 841 100102220
851 110012220 793 100110220
1715 110012221 809 100101220
2579 110012222 841 100102220
11 110100000 17 100010000
875 110100001 905 100101001
1739 110100002 1801 100102002
299 110100010 889 100110001
1163 110100011 905 100101001
2027 110100012 1801 100102002
587 110100020 1753 100110002
1451 110100021 1769 100101002
2315 110100022 1801 100102002
107 110100100 305 100010010
971 110100101 1193 100101011
1835 110100102 2089 100102012
395 110100110 1177 100110011
1259 110100111 1193 100101011
2123 110100112 2089 100102012
683 110100120 2041 100110012
1547 110100121 2057 100101012
2411 110100122 2089 100102012
203 110100200 593 100010020
1067 110100201 1481 100101021
1931 110100202 2377 100102022
491 110100210 1465 100110021
1355 110100211 1481 100101021
2219 110100212 2377 100102022
779 110100220 2329 100110022
1643 110100221 2345 100101022
2507 110100222 2377 100102022
43 110101000 113 100010100
907 110101001 1001 100101101
1771 110101002 1897 100102102
331 110101010 985 100110101
1195 110101011 1001 100101101
2059 110101012 1897 100102102
619 110101020 1849 100110102
1483 110101021 1865 100101102
2347 110101022 1897 100102102
139 110101100 401 100010110
1003 110101101 1289 100101111
1867 110101102 2185 100102112
427 110101110 1273 100110111
1291 110101111 1289 100101111
2155 110101112 2185 100102112
715 110101120 2137 100110112
1579 110101121 2153 100101112
2443 110101122 2185 100102112
235 110101200 689 100010120
1099 110101201 1577 100101121
1963 110101202 2473 100102122
523 110101210 1561 100110121
1387 110101211 1577 100101121
2251 110101212 2473 100102122
811 110101220 2425 100110122
1675 110101221 2441 100101122
2539 110101222 2473 100102122
75 110102000 113 100010100
939 110102001 1001 100101101
1803 110102002 1897 100102102
363 110102010 985 100110101
1227 110102011 1001 100101101
2091 110102012 1897 100102102
651 110102020 1849 100110102
1515 110102021 1865 100101102
2379 110102022 1897 100102102
171 110102100 401 100010110
1035 110102101 1289 100101111
1899 110102102 2185 100102112
459 110102110 1273 100110111
1323 110102111 1289 100101111
2187 110102112 2185 100102112
747 110102120 2137 100110112
1611 110102121 2153 100101112
2475 110102122 2185 100102112
267 110102200 689 100010120
1131 110102201 1577 100101121
1995 110102202 2473 100102122
555 110102210 1561 100110121
1419 110102211 1577 100101121
2283 110102212 2473 100102122
843 110102220 2425 100110122
1707 110102221 2441 100101122
2571 110102222 2473 100102122
27 110110000 21 101010000
891 110110001 45 101101000
1755 110110002 77 101102000
315 110110010 25 100110000
1179 110110011 41 100101000
2043 110110012 73 100102000
603 110110020 25 100110000
1467 110110021 41 100101000
2331 110110022 73 100102000
123 110110100 309 101010010
987 110110101 333 101101010
1851 110110102 365 101102010
411 110110110 313 100110010
1275 110110111 329 100101010
2139 110110112 361 100102010
699 110110120 313 100110010
1563 110110121 329 100101010
2427 110110122 361 100102010
219 110110200 597 101010020
1083 110110201 621 101101020
1947 110110202 653 101102020
507 110110210 601 100110020
1371 110110211 617 100101020
2235 110110212 649 100102020
795 110110220 601 100110020
1659 110110221 617 100101020
2523 110110222 649 100102020
59 110111000 117 101010100
923 110111001 141 101101100
1787 110111002 173 101102100
347 110111010 121 100110100
1211 110111011 137 100101100
2075 110111012 169 100102100
635 110111020 121 100110100
1499 110111021 137 100101100
2363 110111022 169 100102100
155 110111100 405 101010110
1019 110111101 429 101101110
1883 110111102 461 101102110
443 110111110 409 100110110
1307 110111111 425 100101110
2171 110111112 457 100102110
731 110111120 409 100110110
1595 110111121 425 100101110
2459 110111122 457 100102110
251 110111200 693 101010120
1115 110111201 717 101101120
1979 110111202 749 101102120
539 110111210 697 100110120
1403 110111211 713 100101120
2267 110111212 745 100102120
827 110111220 697 100110120
1691 110111221 713 100101120
2555 110111222 745 100102120
91 110112000 117 101010100
955 110112001 141 101101100
1819 110112002 173 101102100
379 110112010 121 100110100
1243 110112011 137 100101100
2107 110112012 169 100102100
667 110112020 121 100110100
1531 110112021 137 100101100
2395 110112022 169 100102100
187 110112100 405 101010110
1051 110112101 429 101101110
1915 110112102 461 101102110
475 110112110 409 100110110
1339 110112111 425 100101110
2203 110112112 457 100102110
763 110112120 409 100110110
1627 110112121 425 100101110
2491 110112122 457 100102110
283 110112200 693 101010120
1147 110112201 717 101101120
2011 110112202 749 101102120
571 110112210 697 100110120
1435 110112211 713 100101120
2299 110112212 745 100102120
859 110112220 697 100110120
1723 110112221 713 100101120
2587 110112222 745 100102120
7 111000000 19 110010000
871 111000001 907 110101001
1735 111000002 1803 110102002
295 111000010 891 110110001
1159 111000011 907 110101001
2023 111000012 1803 110102002
583 111000020 1755 110110002
1447 111000021 1771 110101002
2311 111000022 1803 110102002
103 111000100 307 110010010
967 111000101 1195 110101011
1831 111000102 2091 110102012
391 111000110 1179 110110011
1255 111000111 1195 110101011
2119 111000112 2091 110102012
679 111000120 2043 110110012
1543 111000121 2059 110101012
2407 111000122 2091 110102012
199 111000200 595 110010020
1063 111000201 1483 110101021
1927 111000202 2379 110102022
487 111000210 1467 110110021
1351 111000211 1483 110101021
2215 111000212 2379 110102022
775 111000220 2331 110110022
1639 111000221 2347 110101022
2503 111000222 2379 110102022
39 111001000 115 110010100
903 111001001 1003 110101101
1767 111001002 1899 110102102
327 111001010 987 110110101
1191 111001011 1003 110101101
2055 111001012 1899 110102102
615 111001020 1851 110110102
1479 111001021 1867 110101102
2343 111001022 1899 110102102
135 111001100 403 110010110
999 111001101 1291 110101111
1863 111001102 2187 110102112
423 111001110 1275 110110111
1287 111001111 1291 110101111
2151 111001112 2187 110102112
711 111001120 2139 110110112
1575 111001121 2155 110101112
2439 111001122 2187 110102112
231 111001200 691 110010120
1095 111001201 1579 110101121
1959 111001202 2475 110102122
519 111001210 1563 110110121
1383 111001211 1579 110101121
2247 111001212 2475 110102122
807 111001220 2427 110110122
1671 111001221 2443 110101122
2535 111001222 2475 110102122
71 111002000 211 110010200
935 111002001 1099 110101201
1799 111002002 1995 110102202
359 111002010 1083 110110201
1223 111002011 1099 110101201
2087 111002012 1995 110102202
647 111002020 1947 110110202
1511 111002021 1963 110101202
2375 111002022 1995 110102202
167 111002100 499 110010210
1031 111002101 1387 110101211
1895 111002102 2283 110102212
455 111002110 1371 110110211
1319 111002111 1387 110101211
2183 111002112 2283 110102212
743 111002120 2235 110110212
1607 111002121 2251 110101212
2471 111002122 2283 110102212
263 111002200 787 110010220
1127 111002201 1675 110101221
1991 111002202 2571 110102222
551 111002210 1659 110110221
1415 111002211 1675 110101221
2279 111002212 2571 110102222
839 111002220 2523 110110222
1703 111002221 2539 110101222
2567 111002222 2571 110102222
23 111010000 23 111010000
887 111010001 47 111101000
1751 111010002 79 111102000
311 111010010 27 110110000
1175 111010011 43 110101000
2039 111010012 75 110102000
599 111010020 27 110110000
1463 111010021 43 110101000
2327 111010022 75 110102000
119 111010100 311 111010010
983 111010101 335 111101010
1847 111010102 367 111102010
407 111010110 315 110110010
1271 111010111 331 110101010
2135 111010112 363 110102010
695 111010120 315 110110010
1559 111010121 331 110101010
2423 111010122 363 110102010
215 111010200 599 111010020
1079 111010201 623 111101020
1943 111010202 655 111102020
503 111010210 603 110110020
1367 111010211 619 110101020
2231 111010212 651 110102020
791 111010220 603 110110020
1655 111010221 619 110101020
2519 111010222 651 110102020
55 111011000 119 111010100
919 111011001 143 111101100
1783 111011002 175 111102100
343 111011010 123 110110100
1207 111011011 139 110101100
2071 111011012 171 110102100
631 111011020 123 110110100
1495 111011021 139 110101100
2359 111011022 171 110102100
151 111011100 407 111010110
1015 111011101 431 111101110
1879 111011102 463 111102110
439 111011110 411 110110110
1303 111011111 427 110101110
2167 111011112 459 110102110
727 111011120 411 110110110
1591 111011121 427 110101110
2455 111011122 459 110102110
247 111011200 695 111010120
1111 111011201 719 111101120
1975 111011202 751 111102120
535 111011210 699 110110120
1399 111011211 715 110101120
2263 111011212 747 110102120
823 111011220 699 110110120
1687 111011221 715 110101120
2551 111011222 747 110102120
87 111012000 215 111010200
951 111012001 239 111101200
1815 111012002 271 111102200
375 111012010 219 110110200
1239 111012011 235 110101200
2103 111012012 267 110102200
663 111012020 219 110110200
1527 111012021 235 110101200
2391 111012022 267 110102200
183 111012100 503 111010210
1047 111012101 527 111101210
1911 111012102 559 111102210
471 111012110 507 110110210
1335 111012111 523 110101210
2199 111012112 555 110102210
759 111012120 507 110110210
1623 111012121 523 110101210
2487 111012122 555 110102210
279 111012200 791 111010220
1143 111012201 815 111101220
2007 111012202 847 111102220
567 111012210 795 110110220
1431 111012211 811 110101220
2295 111012212 843 110102220
855 111012220 795 110110220
1719 111012221 811 110101220
2583 111012222 843 110102220
15 111100000 17 100010000
879 111100001 905 100101001
1743 111100002 1801 100102002
303 111100010 889 100110001
1167 111100011 905 100101001
2031 111100012 1801 100102002
591 111100020 1753 100110002
1455 111100021 1769 100101002
2319 111100022 1801 100102002
111 111100100 305 100010010
975 111100101 1193 100101011
1839 111100102 2089 100102012
399 111100110 1177 100110011
1263 111100111 1193 100101011
2127 111100112 2089 100102012
687 111100120 2041 100110012
1551 111100121 2057 100101012
2415 111100122 2089 100102012
207 111100200 593 100010020
1071 111100201 1481 100101021
1935 111100202 2377 100102022
495 111100210 1465 100110021
1359 111100211 1481 100101021
2223 111100212 2377 100102022
783 111100220 2329 100110022
1647 111100221 2345 100101022
2511 111100222 2377 100102022
47 111101000 113 100010100
911 111101001 1001 100101101
1775 111101002 1897 100102102
335 111101010 985 100110101
1199 111101011 1001 100101101
2063 111101012 1897 100102102
623 111101020 1849 100110102
1487 111101021 1865 100101102
2351 111101022 1897 100102102
143 111101100 401 100010110
1007 111101101 1289 100101111
1871 111101102 2185 100102112
431 111101110 1273 100110111
1295 111101111 1289 100101111
2159 111101112 2185 100102112
719 111101120 2137 100110112
1583 111101121 2153 100101112
2447 111101122 2185 100102112
239 111101200 689 100010120
1103 111101201 1577 100101121
1967 111101202 2473 100102122
527 111101210 1561 100110121
1391 111101211 1577 100101121
2255 111101212 2473 100102122
815 111101220 2425 100110122
1679 111101221 2441 100101122
2543 111101222 2473 100102122
79 111102000 113 100010100
943 111102001 1001 100101101
1807 111102002 1897 100102102
367 111102010 985 100110101
1231 111102011 1001 100101101
2095 111102012 1897 100102102
655 111102020 1849 100110102
1519 111102021 1865 100101102
2383 111102022 1897 100102102
175 111102100 401 100010110
1039 111102101 1289 100101111
1903 111102102 2185 100102112
463 111102110 1273 100110111
1327 111102111 1289 100101111
2191 111102112 2185 100102112
751 111102120 2137 100110112
1615 111102121 2153 100101112
2479 111102122 2185 100102112
271 111102200 689 100010120
1135 111102201 1577 100101121
1999 111102202 2473 100102122
559 111102210 1561 100110121
1423 111102211 1577 100101121
2287 111102212 2473 100102122
847 111102220 2425 100110122
1711 111102221 2441 100101122
2575 111102222 2473 100102122
31 111110000 21 101010000
895 111110001 45 101101000
1759 111110002 77 101102000
319 111110010 25 100110000
1183 111110011 41 100101000
2047 111110012 73 100102000
607 111110020 25 100110000
1471 111110021 41 100101000
2335 111110022 73 100102000
127 111110100 309 101010010
991 111110101 333 101101010
1855 111110102 365 101102010
415 111110110 313 100110010
1279 111110111 329 100101010
2143 111110112 361 100102010
703 111110120 313 100110010
1567 111110121 329 100101010
2431 111110122 361 100102010
223 111110200 597 101010020
1087 111110201 621 101101020
1951 111110202 653 101102020
511 111110210 601 100110020
1375 111110211 617 100101020
2239 111110212 649 100102020
799 111110220 601 100110020
1663 111110221 617 100101020
2527 111110222 649 100102020
63 111111000 117 101010100
927 111111001 141 101101100
1791 111111002 173 101102100
351 111111010 121 100110100
1215 111111011 137 100101100
2079 111111012 169 100102100
639 111111020 121 100110100
1503 111111021 137 100101100
2367 111111022 169 100102100
159 111111100 405 101010110
1023 111111101 429 101101110
1887 111111102 461 101102110
447 111111110 409 100110110
1311 111111111 425 100101110
2175 111111112 457 100102110
735 111111120 409 100110110
1599 111111121 425 100101110
2463 111111122 457 100102110
255 111111200 693 101010120
1119 111111201 717 101101120
1983 111111202 749 101102120
543 111111210 697 100110120
1407 111111211 713 100101120
2271 111111212 745 100102120
831 111111220 697 100110120
1695 111111221 713 100101120
2559 111111222 745 100102120
95 111112000 117 101010100
959 111112001 141 101101100
1823 111112002 173 101102100
383 111112010 121 100110100
1247 111112011 137 100101100
2111 111112012 169 100102100
671 111112020 121 100110100
1535 111112021 137 100101100
2399 111112022 169 100102100
191 111112100 405 101010110
1055 111112101 429 101101110
1919 111112102 461 101102110
479 111112110 409 100110110
1343 111112111 425 100101110
2207 111112112 457 100102110
767 111112120 409 100110110
1631 111112121 425 100101110
2495 111112122 457 100102110
287 111112200 693 101010120
1151 111112201 717 101101120
2015 111112202 749 101102120
575 111112210 697 100110120
1439 111112211 713 100101120
2303 111112212 745 100102120
863 111112220 697 100110120
1727 111112221 713 100101120
2591 111112222 745 100102120
