### HK022 variant No 000019 model state graph ###
#
# number of genes | int
10
# number of binding sites | int
9
# number of states | int
528
# INI state id | int
0
# gene names | str[]
cI cII cro Q O P cIII xis int Struc 
# binding site names | str[] 
bcII_1{cII} bcII_2{cII} bQ{Q} bOR1{cI,cro} bOR2{cI,cro} bOR3{cI,cro} bOL1{cI,cro} bOL2{cI,cro} bOL3{cI,cro} 

# list of states and transitions
# state attributes: id gene_states bs_states type edge_n | int str str int int
# transition attributes: dest_id gene_id {+,-} | int int def

0  0111111100 000000000000000 0 3
8192 1 + 64 2 + 4096 3 + 

64  0111111100 000000001000000 0 3
8256 1 + 65 2 + 4160 3 + 

65  0111111100 000000001000001 0 3
8257 1 + 69 2 + 4161 3 + 

69  0111110000 000000001000101 0 3
8261 1 + 85 2 + 4165 3 + 

85  0111110000 000000001010101 1 3
8277 1 + 341 2 + 4181 3 + 

341  0000000000 000000101010101 1 1
85 2 - 

1365  0000000000 000010101010101 0 1
341 2 - 

1366  0000000000 000010101010110 0 2
1365 0 - 2390 2 - 

1369  0000000000 000010101011001 0 2
1365 0 - 2393 2 - 

1370  0000000000 000010101011010 0 2
1369 0 - 2394 2 - 

1381  0000000000 000010101100101 0 2
1365 0 - 2405 2 - 

1382  0000000000 000010101100110 0 2
1381 0 - 2406 2 - 

1385  0000000000 000010101101001 0 2
1381 0 - 2409 2 - 

1386  0000000000 000010101101010 0 2
1385 0 - 2410 2 - 

1429  0000000000 000010110010101 0 2
1365 0 - 2453 2 - 

1430  0000000000 000010110010110 0 2
1429 0 - 2454 2 - 

1433  0000000000 000010110011001 0 2
1429 0 - 2457 2 - 

1434  0000000000 000010110011010 0 2
1433 0 - 2458 2 - 

1445  0000000000 000010110100101 0 2
1429 0 - 2469 2 - 

1446  0000000000 000010110100110 0 2
1445 0 - 2470 2 - 

1449  0000000000 000010110101001 0 2
1445 0 - 2473 2 - 

1450  0000000000 000010110101010 0 2
1449 0 - 2474 2 - 

1621  0000000000 000011001010101 0 2
1365 0 - 2645 2 - 

1622  0000000000 000011001010110 0 2
1621 0 - 2646 2 - 

1625  0000000000 000011001011001 0 2
1621 0 - 2649 2 - 

1626  0000000000 000011001011010 0 2
1625 0 - 2650 2 - 

1637  0000000000 000011001100101 0 2
1621 0 - 2661 2 - 

1638  0000000000 000011001100110 0 2
1637 0 - 2662 2 - 

1641  0000000000 000011001101001 0 2
1637 0 - 2665 2 - 

1642  0000000000 000011001101010 0 2
1641 0 - 2666 2 - 

1685  0000000000 000011010010101 0 2
1621 0 - 2709 2 - 

1686  0000000000 000011010010110 0 2
1685 0 - 2710 2 - 

1689  0000000000 000011010011001 0 2
1685 0 - 2713 2 - 

1690  0000000000 000011010011010 0 2
1689 0 - 2714 2 - 

1701  0000000000 000011010100101 0 2
1685 0 - 2725 2 - 

1702  0000000000 000011010100110 0 2
1701 0 - 2726 2 - 

1705  0000000000 000011010101001 0 2
1701 0 - 2729 2 - 

1706  0000000000 000011010101010 0 2
1705 0 - 2730 2 - 

2048  1000001100 000100000000000 0 1
2560 0 + 

2112  0000001100 000100001000000 0 2
64 0 - 2048 2 - 

2113  0000001100 000100001000001 0 2
65 0 - 2112 2 - 

2117  0000000000 000100001000101 0 2
69 0 - 2113 2 - 

2133  0000000000 000100001010101 0 2
85 0 - 2117 2 - 

2389  0000000000 000100101010101 0 2
341 0 - 2133 2 - 

2390  0000000000 000100101010110 0 2
2389 0 - 2646 2 - 

2393  0000000000 000100101011001 0 2
2389 0 - 2649 2 - 

2394  0000000000 000100101011010 0 2
2393 0 - 2650 2 - 

2405  0000000000 000100101100101 0 2
2389 0 - 2661 2 - 

2406  0000000000 000100101100110 0 2
2405 0 - 2662 2 - 

2409  0000000000 000100101101001 0 2
2405 0 - 2665 2 - 

2410  0000000000 000100101101010 0 2
2409 0 - 2666 2 - 

2453  0000000000 000100110010101 0 2
2389 0 - 2709 2 - 

2454  0000000000 000100110010110 0 2
2453 0 - 2710 2 - 

2457  0000000000 000100110011001 0 2
2453 0 - 2713 2 - 

2458  0000000000 000100110011010 0 2
2457 0 - 2714 2 - 

2469  0000000000 000100110100101 0 2
2453 0 - 2725 2 - 

2470  0000000000 000100110100110 0 2
2469 0 - 2726 2 - 

2473  0000000000 000100110101001 0 2
2469 0 - 2729 2 - 

2474  0000000000 000100110101010 0 2
2473 0 - 2730 2 - 

2560  1000001100 000101000000000 1 1
2688 0 + 

2624  0000001100 000101001000000 0 2
2112 0 - 2560 2 - 

2625  0000001100 000101001000001 0 2
2113 0 - 2624 2 - 

2629  0000000000 000101001000101 0 2
2117 0 - 2625 2 - 

2645  0000000000 000101001010101 0 2
2133 0 - 2629 2 - 

2646  0000000000 000101001010110 0 2
2645 0 - 2662 2 - 

2649  0000000000 000101001011001 0 2
2645 0 - 2665 2 - 

2650  0000000000 000101001011010 0 2
2649 0 - 2666 2 - 

2656  0000000000 000101001100000 0 2
2624 0 - 2720 2 - 

2657  0000000000 000101001100001 0 2
2625 0 - 2656 2 - 

2661  0000000000 000101001100101 0 2
2629 0 - 2657 2 - 

2662  0000000000 000101001100110 0 2
2661 0 - 2666 2 - 

2664  0000000000 000101001101000 0 2
2656 0 - 2728 2 - 

2665  0000000000 000101001101001 0 2
2657 0 - 2664 2 - 

2666  0000000000 000101001101010 0 2
2664 0 - 2730 2 - 

2688  0000001100 000101010000000 1 1
2560 0 - 

2689  0000001100 000101010000001 0 2
2625 0 - 2688 2 - 

2693  0000000000 000101010000101 0 2
2629 0 - 2689 2 - 

2709  0000000000 000101010010101 0 2
2645 0 - 2693 2 - 

2710  0000000000 000101010010110 0 2
2709 0 - 2726 2 - 

2713  0000000000 000101010011001 0 2
2709 0 - 2729 2 - 

2714  0000000000 000101010011010 0 2
2713 0 - 2730 2 - 

2720  0000000000 000101010100000 0 1
2688 0 - 

2721  0000000000 000101010100001 0 2
2689 0 - 2720 2 - 

2725  0000000000 000101010100101 0 2
2693 0 - 2721 2 - 

2726  0000000000 000101010100110 0 2
2725 0 - 2730 2 - 

2728  0000000000 000101010101000 0 1
2720 0 - 

2729  0000000000 000101010101001 0 2
2721 0 - 2728 2 - 

2730  0000000000 000101010101010 0 1
2728 0 - 

4096  0111111101 001000000000000 0 2
12288 1 + 4160 2 + 

4160  0111111101 001000001000000 0 2
12352 1 + 4161 2 + 

4161  0111111101 001000001000001 0 2
12353 1 + 4165 2 + 

4165  0111110001 001000001000101 0 2
12357 1 + 4181 2 + 

4181  0111110001 001000001010101 1 2
12373 1 + 4437 2 + 

4437  0000000001 001000101010101 1 2
4181 2 - 341 3 - 

5461  0000000001 001010101010101 0 2
4437 2 - 1365 3 - 

5462  0000000001 001010101010110 0 3
5461 0 - 6486 2 - 1366 3 - 

5465  0000000001 001010101011001 0 3
5461 0 - 6489 2 - 1369 3 - 

5466  0000000001 001010101011010 0 3
5465 0 - 6490 2 - 1370 3 - 

5477  0000000001 001010101100101 0 3
5461 0 - 6501 2 - 1381 3 - 

5478  0000000001 001010101100110 0 3
5477 0 - 6502 2 - 1382 3 - 

5481  0000000001 001010101101001 0 3
5477 0 - 6505 2 - 1385 3 - 

5482  0000000001 001010101101010 0 3
5481 0 - 6506 2 - 1386 3 - 

5525  0000000001 001010110010101 0 3
5461 0 - 6549 2 - 1429 3 - 

5526  0000000001 001010110010110 0 3
5525 0 - 6550 2 - 1430 3 - 

5529  0000000001 001010110011001 0 3
5525 0 - 6553 2 - 1433 3 - 

5530  0000000001 001010110011010 0 3
5529 0 - 6554 2 - 1434 3 - 

5541  0000000001 001010110100101 0 3
5525 0 - 6565 2 - 1445 3 - 

5542  0000000001 001010110100110 0 3
5541 0 - 6566 2 - 1446 3 - 

5545  0000000001 001010110101001 0 3
5541 0 - 6569 2 - 1449 3 - 

5546  0000000001 001010110101010 0 3
5545 0 - 6570 2 - 1450 3 - 

5717  0000000001 001011001010101 0 3
5461 0 - 6741 2 - 1621 3 - 

5718  0000000001 001011001010110 0 3
5717 0 - 6742 2 - 1622 3 - 

5721  0000000001 001011001011001 0 3
5717 0 - 6745 2 - 1625 3 - 

5722  0000000001 001011001011010 0 3
5721 0 - 6746 2 - 1626 3 - 

5733  0000000001 001011001100101 0 3
5717 0 - 6757 2 - 1637 3 - 

5734  0000000001 001011001100110 0 3
5733 0 - 6758 2 - 1638 3 - 

5737  0000000001 001011001101001 0 3
5733 0 - 6761 2 - 1641 3 - 

5738  0000000001 001011001101010 0 3
5737 0 - 6762 2 - 1642 3 - 

5781  0000000001 001011010010101 0 3
5717 0 - 6805 2 - 1685 3 - 

5782  0000000001 001011010010110 0 3
5781 0 - 6806 2 - 1686 3 - 

5785  0000000001 001011010011001 0 3
5781 0 - 6809 2 - 1689 3 - 

5786  0000000001 001011010011010 0 3
5785 0 - 6810 2 - 1690 3 - 

5797  0000000001 001011010100101 0 3
5781 0 - 6821 2 - 1701 3 - 

5798  0000000001 001011010100110 0 3
5797 0 - 6822 2 - 1702 3 - 

5801  0000000001 001011010101001 0 3
5797 0 - 6825 2 - 1705 3 - 

5802  0000000001 001011010101010 0 3
5801 0 - 6826 2 - 1706 3 - 

6144  1000001101 001100000000000 0 2
6656 0 + 2048 3 - 

6208  0000001101 001100001000000 0 3
4160 0 - 6144 2 - 2112 3 - 

6209  0000001101 001100001000001 0 3
4161 0 - 6208 2 - 2113 3 - 

6213  0000000001 001100001000101 0 3
4165 0 - 6209 2 - 2117 3 - 

6229  0000000001 001100001010101 0 3
4181 0 - 6213 2 - 2133 3 - 

6485  0000000001 001100101010101 0 3
4437 0 - 6229 2 - 2389 3 - 

6486  0000000001 001100101010110 0 3
6485 0 - 6742 2 - 2390 3 - 

6489  0000000001 001100101011001 0 3
6485 0 - 6745 2 - 2393 3 - 

6490  0000000001 001100101011010 0 3
6489 0 - 6746 2 - 2394 3 - 

6501  0000000001 001100101100101 0 3
6485 0 - 6757 2 - 2405 3 - 

6502  0000000001 001100101100110 0 3
6501 0 - 6758 2 - 2406 3 - 

6505  0000000001 001100101101001 0 3
6501 0 - 6761 2 - 2409 3 - 

6506  0000000001 001100101101010 0 3
6505 0 - 6762 2 - 2410 3 - 

6549  0000000001 001100110010101 0 3
6485 0 - 6805 2 - 2453 3 - 

6550  0000000001 001100110010110 0 3
6549 0 - 6806 2 - 2454 3 - 

6553  0000000001 001100110011001 0 3
6549 0 - 6809 2 - 2457 3 - 

6554  0000000001 001100110011010 0 3
6553 0 - 6810 2 - 2458 3 - 

6565  0000000001 001100110100101 0 3
6549 0 - 6821 2 - 2469 3 - 

6566  0000000001 001100110100110 0 3
6565 0 - 6822 2 - 2470 3 - 

6569  0000000001 001100110101001 0 3
6565 0 - 6825 2 - 2473 3 - 

6570  0000000001 001100110101010 0 3
6569 0 - 6826 2 - 2474 3 - 

6656  1000001101 001101000000000 0 2
6784 0 + 2560 3 - 

6720  0000001101 001101001000000 0 3
6208 0 - 6656 2 - 2624 3 - 

6721  0000001101 001101001000001 0 3
6209 0 - 6720 2 - 2625 3 - 

6725  0000000001 001101001000101 0 3
6213 0 - 6721 2 - 2629 3 - 

6741  0000000001 001101001010101 0 3
6229 0 - 6725 2 - 2645 3 - 

6742  0000000001 001101001010110 0 3
6741 0 - 6758 2 - 2646 3 - 

6745  0000000001 001101001011001 0 3
6741 0 - 6761 2 - 2649 3 - 

6746  0000000001 001101001011010 0 3
6745 0 - 6762 2 - 2650 3 - 

6752  0000000001 001101001100000 0 3
6720 0 - 6816 2 - 2656 3 - 

6753  0000000001 001101001100001 0 3
6721 0 - 6752 2 - 2657 3 - 

6757  0000000001 001101001100101 0 3
6725 0 - 6753 2 - 2661 3 - 

6758  0000000001 001101001100110 0 3
6757 0 - 6762 2 - 2662 3 - 

6760  0000000001 001101001101000 0 3
6752 0 - 6824 2 - 2664 3 - 

6761  0000000001 001101001101001 0 3
6753 0 - 6760 2 - 2665 3 - 

6762  0000000001 001101001101010 0 3
6760 0 - 6826 2 - 2666 3 - 

6784  0000001101 001101010000000 0 2
6656 0 - 2688 3 - 

6785  0000001101 001101010000001 0 3
6721 0 - 6784 2 - 2689 3 - 

6789  0000000001 001101010000101 0 3
6725 0 - 6785 2 - 2693 3 - 

6805  0000000001 001101010010101 0 3
6741 0 - 6789 2 - 2709 3 - 

6806  0000000001 001101010010110 0 3
6805 0 - 6822 2 - 2710 3 - 

6809  0000000001 001101010011001 0 3
6805 0 - 6825 2 - 2713 3 - 

6810  0000000001 001101010011010 0 3
6809 0 - 6826 2 - 2714 3 - 

6816  0000000001 001101010100000 0 2
6784 0 - 2720 3 - 

6817  0000000001 001101010100001 0 3
6785 0 - 6816 2 - 2721 3 - 

6821  0000000001 001101010100101 0 3
6789 0 - 6817 2 - 2725 3 - 

6822  0000000001 001101010100110 0 3
6821 0 - 6826 2 - 2726 3 - 

6824  0000000001 001101010101000 0 2
6816 0 - 2728 3 - 

6825  0000000001 001101010101001 0 3
6817 0 - 6824 2 - 2729 3 - 

6826  0000000001 001101010101010 0 2
6824 0 - 2730 3 - 

8192  0111111110 010000000000000 0 3
24576 1 + 8256 2 + 12288 3 + 

8256  0111111110 010000001000000 0 3
24640 1 + 8257 2 + 12352 3 + 

8257  0111111110 010000001000001 0 3
24641 1 + 8261 2 + 12353 3 + 

8261  0111110010 010000001000101 0 3
24645 1 + 8277 2 + 12357 3 + 

8277  0111110010 010000001010101 1 3
24661 1 + 8533 2 + 12373 3 + 

8533  0000000010 010000101010101 1 2
341 1 - 8277 2 - 

9557  0000000010 010010101010101 0 2
1365 1 - 8533 2 - 

9558  0000000010 010010101010110 0 3
9557 0 - 1366 1 - 10582 2 - 

9561  0000000010 010010101011001 0 3
9557 0 - 1369 1 - 10585 2 - 

9562  0000000010 010010101011010 0 3
9561 0 - 1370 1 - 10586 2 - 

9573  0000000010 010010101100101 0 3
9557 0 - 1381 1 - 10597 2 - 

9574  0000000010 010010101100110 0 3
9573 0 - 1382 1 - 10598 2 - 

9577  0000000010 010010101101001 0 3
9573 0 - 1385 1 - 10601 2 - 

9578  0000000010 010010101101010 0 3
9577 0 - 1386 1 - 10602 2 - 

9621  0000000010 010010110010101 0 3
9557 0 - 1429 1 - 10645 2 - 

9622  0000000010 010010110010110 0 3
9621 0 - 1430 1 - 10646 2 - 

9625  0000000010 010010110011001 0 3
9621 0 - 1433 1 - 10649 2 - 

9626  0000000010 010010110011010 0 3
9625 0 - 1434 1 - 10650 2 - 

9637  0000000010 010010110100101 0 3
9621 0 - 1445 1 - 10661 2 - 

9638  0000000010 010010110100110 0 3
9637 0 - 1446 1 - 10662 2 - 

9641  0000000010 010010110101001 0 3
9637 0 - 1449 1 - 10665 2 - 

9642  0000000010 010010110101010 0 3
9641 0 - 1450 1 - 10666 2 - 

9813  0000000010 010011001010101 0 3
9557 0 - 1621 1 - 10837 2 - 

9814  0000000010 010011001010110 0 3
9813 0 - 1622 1 - 10838 2 - 

9817  0000000010 010011001011001 0 3
9813 0 - 1625 1 - 10841 2 - 

9818  0000000010 010011001011010 0 3
9817 0 - 1626 1 - 10842 2 - 

9829  0000000010 010011001100101 0 3
9813 0 - 1637 1 - 10853 2 - 

9830  0000000010 010011001100110 0 3
9829 0 - 1638 1 - 10854 2 - 

9833  0000000010 010011001101001 0 3
9829 0 - 1641 1 - 10857 2 - 

9834  0000000010 010011001101010 0 3
9833 0 - 1642 1 - 10858 2 - 

9877  0000000010 010011010010101 0 3
9813 0 - 1685 1 - 10901 2 - 

9878  0000000010 010011010010110 0 3
9877 0 - 1686 1 - 10902 2 - 

9881  0000000010 010011010011001 0 3
9877 0 - 1689 1 - 10905 2 - 

9882  0000000010 010011010011010 0 3
9881 0 - 1690 1 - 10906 2 - 

9893  0000000010 010011010100101 0 3
9877 0 - 1701 1 - 10917 2 - 

9894  0000000010 010011010100110 0 3
9893 0 - 1702 1 - 10918 2 - 

9897  0000000010 010011010101001 0 3
9893 0 - 1705 1 - 10921 2 - 

9898  0000000010 010011010101010 0 3
9897 0 - 1706 1 - 10922 2 - 

10240  1000001110 010100000000000 0 2
10752 0 + 2048 1 - 

10304  0000001110 010100001000000 0 3
8256 0 - 2112 1 - 10240 2 - 

10305  0000001110 010100001000001 0 3
8257 0 - 2113 1 - 10304 2 - 

10309  0000000010 010100001000101 0 3
8261 0 - 2117 1 - 10305 2 - 

10325  0000000010 010100001010101 0 3
8277 0 - 2133 1 - 10309 2 - 

10581  0000000010 010100101010101 0 3
8533 0 - 2389 1 - 10325 2 - 

10582  0000000010 010100101010110 0 3
10581 0 - 2390 1 - 10838 2 - 

10585  0000000010 010100101011001 0 3
10581 0 - 2393 1 - 10841 2 - 

10586  0000000010 010100101011010 0 3
10585 0 - 2394 1 - 10842 2 - 

10597  0000000010 010100101100101 0 3
10581 0 - 2405 1 - 10853 2 - 

10598  0000000010 010100101100110 0 3
10597 0 - 2406 1 - 10854 2 - 

10601  0000000010 010100101101001 0 3
10597 0 - 2409 1 - 10857 2 - 

10602  0000000010 010100101101010 0 3
10601 0 - 2410 1 - 10858 2 - 

10645  0000000010 010100110010101 0 3
10581 0 - 2453 1 - 10901 2 - 

10646  0000000010 010100110010110 0 3
10645 0 - 2454 1 - 10902 2 - 

10649  0000000010 010100110011001 0 3
10645 0 - 2457 1 - 10905 2 - 

10650  0000000010 010100110011010 0 3
10649 0 - 2458 1 - 10906 2 - 

10661  0000000010 010100110100101 0 3
10645 0 - 2469 1 - 10917 2 - 

10662  0000000010 010100110100110 0 3
10661 0 - 2470 1 - 10918 2 - 

10665  0000000010 010100110101001 0 3
10661 0 - 2473 1 - 10921 2 - 

10666  0000000010 010100110101010 0 3
10665 0 - 2474 1 - 10922 2 - 

10752  1000001110 010101000000000 0 2
10880 0 + 2560 1 - 

10816  0000001110 010101001000000 0 3
10304 0 - 2624 1 - 10752 2 - 

10817  0000001110 010101001000001 0 3
10305 0 - 2625 1 - 10816 2 - 

10821  0000000010 010101001000101 0 3
10309 0 - 2629 1 - 10817 2 - 

10837  0000000010 010101001010101 0 3
10325 0 - 2645 1 - 10821 2 - 

10838  0000000010 010101001010110 0 3
10837 0 - 2646 1 - 10854 2 - 

10841  0000000010 010101001011001 0 3
10837 0 - 2649 1 - 10857 2 - 

10842  0000000010 010101001011010 0 3
10841 0 - 2650 1 - 10858 2 - 

10848  0000000010 010101001100000 0 3
10816 0 - 2656 1 - 10912 2 - 

10849  0000000010 010101001100001 0 3
10817 0 - 2657 1 - 10848 2 - 

10853  0000000010 010101001100101 0 3
10821 0 - 2661 1 - 10849 2 - 

10854  0000000010 010101001100110 0 3
10853 0 - 2662 1 - 10858 2 - 

10856  0000000010 010101001101000 0 3
10848 0 - 2664 1 - 10920 2 - 

10857  0000000010 010101001101001 0 3
10849 0 - 2665 1 - 10856 2 - 

10858  0000000010 010101001101010 0 3
10856 0 - 2666 1 - 10922 2 - 

10880  0000001110 010101010000000 0 2
10752 0 - 2688 1 - 

10881  0000001110 010101010000001 0 3
10817 0 - 2689 1 - 10880 2 - 

10885  0000000010 010101010000101 0 3
10821 0 - 2693 1 - 10881 2 - 

10901  0000000010 010101010010101 0 3
10837 0 - 2709 1 - 10885 2 - 

10902  0000000010 010101010010110 0 3
10901 0 - 2710 1 - 10918 2 - 

10905  0000000010 010101010011001 0 3
10901 0 - 2713 1 - 10921 2 - 

10906  0000000010 010101010011010 0 3
10905 0 - 2714 1 - 10922 2 - 

10912  0000000010 010101010100000 0 2
10880 0 - 2720 1 - 

10913  0000000010 010101010100001 0 3
10881 0 - 2721 1 - 10912 2 - 

10917  0000000010 010101010100101 0 3
10885 0 - 2725 1 - 10913 2 - 

10918  0000000010 010101010100110 0 3
10917 0 - 2726 1 - 10922 2 - 

10920  0000000010 010101010101000 0 2
10912 0 - 2728 1 - 

10921  0000000010 010101010101001 0 3
10913 0 - 2729 1 - 10920 2 - 

10922  0000000010 010101010101010 0 2
10920 0 - 2730 1 - 

12288  0111111111 011000000000000 0 2
28672 1 + 12352 2 + 

12352  0111111111 011000001000000 0 2
28736 1 + 12353 2 + 

12353  0111111111 011000001000001 0 2
28737 1 + 12357 2 + 

12357  0111110011 011000001000101 0 2
28741 1 + 12373 2 + 

12373  0111110011 011000001010101 1 2
28757 1 + 12629 2 + 

12629  0000000011 011000101010101 1 3
4437 1 - 12373 2 - 8533 3 - 

13653  0000000011 011010101010101 0 3
5461 1 - 12629 2 - 9557 3 - 

13654  0000000011 011010101010110 0 4
13653 0 - 5462 1 - 14678 2 - 9558 3 - 

13657  0000000011 011010101011001 0 4
13653 0 - 5465 1 - 14681 2 - 9561 3 - 

13658  0000000011 011010101011010 0 4
13657 0 - 5466 1 - 14682 2 - 9562 3 - 

13669  0000000011 011010101100101 0 4
13653 0 - 5477 1 - 14693 2 - 9573 3 - 

13670  0000000011 011010101100110 0 4
13669 0 - 5478 1 - 14694 2 - 9574 3 - 

13673  0000000011 011010101101001 0 4
13669 0 - 5481 1 - 14697 2 - 9577 3 - 

13674  0000000011 011010101101010 0 4
13673 0 - 5482 1 - 14698 2 - 9578 3 - 

13717  0000000011 011010110010101 0 4
13653 0 - 5525 1 - 14741 2 - 9621 3 - 

13718  0000000011 011010110010110 0 4
13717 0 - 5526 1 - 14742 2 - 9622 3 - 

13721  0000000011 011010110011001 0 4
13717 0 - 5529 1 - 14745 2 - 9625 3 - 

13722  0000000011 011010110011010 0 4
13721 0 - 5530 1 - 14746 2 - 9626 3 - 

13733  0000000011 011010110100101 0 4
13717 0 - 5541 1 - 14757 2 - 9637 3 - 

13734  0000000011 011010110100110 0 4
13733 0 - 5542 1 - 14758 2 - 9638 3 - 

13737  0000000011 011010110101001 0 4
13733 0 - 5545 1 - 14761 2 - 9641 3 - 

13738  0000000011 011010110101010 0 4
13737 0 - 5546 1 - 14762 2 - 9642 3 - 

13909  0000000011 011011001010101 0 4
13653 0 - 5717 1 - 14933 2 - 9813 3 - 

13910  0000000011 011011001010110 0 4
13909 0 - 5718 1 - 14934 2 - 9814 3 - 

13913  0000000011 011011001011001 0 4
13909 0 - 5721 1 - 14937 2 - 9817 3 - 

13914  0000000011 011011001011010 0 4
13913 0 - 5722 1 - 14938 2 - 9818 3 - 

13925  0000000011 011011001100101 0 4
13909 0 - 5733 1 - 14949 2 - 9829 3 - 

13926  0000000011 011011001100110 0 4
13925 0 - 5734 1 - 14950 2 - 9830 3 - 

13929  0000000011 011011001101001 0 4
13925 0 - 5737 1 - 14953 2 - 9833 3 - 

13930  0000000011 011011001101010 0 4
13929 0 - 5738 1 - 14954 2 - 9834 3 - 

13973  0000000011 011011010010101 0 4
13909 0 - 5781 1 - 14997 2 - 9877 3 - 

13974  0000000011 011011010010110 0 4
13973 0 - 5782 1 - 14998 2 - 9878 3 - 

13977  0000000011 011011010011001 0 4
13973 0 - 5785 1 - 15001 2 - 9881 3 - 

13978  0000000011 011011010011010 0 4
13977 0 - 5786 1 - 15002 2 - 9882 3 - 

13989  0000000011 011011010100101 0 4
13973 0 - 5797 1 - 15013 2 - 9893 3 - 

13990  0000000011 011011010100110 0 4
13989 0 - 5798 1 - 15014 2 - 9894 3 - 

13993  0000000011 011011010101001 0 4
13989 0 - 5801 1 - 15017 2 - 9897 3 - 

13994  0000000011 011011010101010 0 4
13993 0 - 5802 1 - 15018 2 - 9898 3 - 

14336  1000001111 011100000000000 0 3
14848 0 + 6144 1 - 10240 3 - 

14400  0000001111 011100001000000 0 4
12352 0 - 6208 1 - 14336 2 - 10304 3 - 

14401  0000001111 011100001000001 0 4
12353 0 - 6209 1 - 14400 2 - 10305 3 - 

14405  0000000011 011100001000101 0 4
12357 0 - 6213 1 - 14401 2 - 10309 3 - 

14421  0000000011 011100001010101 0 4
12373 0 - 6229 1 - 14405 2 - 10325 3 - 

14677  0000000011 011100101010101 0 4
12629 0 - 6485 1 - 14421 2 - 10581 3 - 

14678  0000000011 011100101010110 0 4
14677 0 - 6486 1 - 14934 2 - 10582 3 - 

14681  0000000011 011100101011001 0 4
14677 0 - 6489 1 - 14937 2 - 10585 3 - 

14682  0000000011 011100101011010 0 4
14681 0 - 6490 1 - 14938 2 - 10586 3 - 

14693  0000000011 011100101100101 0 4
14677 0 - 6501 1 - 14949 2 - 10597 3 - 

14694  0000000011 011100101100110 0 4
14693 0 - 6502 1 - 14950 2 - 10598 3 - 

14697  0000000011 011100101101001 0 4
14693 0 - 6505 1 - 14953 2 - 10601 3 - 

14698  0000000011 011100101101010 0 4
14697 0 - 6506 1 - 14954 2 - 10602 3 - 

14741  0000000011 011100110010101 0 4
14677 0 - 6549 1 - 14997 2 - 10645 3 - 

14742  0000000011 011100110010110 0 4
14741 0 - 6550 1 - 14998 2 - 10646 3 - 

14745  0000000011 011100110011001 0 4
14741 0 - 6553 1 - 15001 2 - 10649 3 - 

14746  0000000011 011100110011010 0 4
14745 0 - 6554 1 - 15002 2 - 10650 3 - 

14757  0000000011 011100110100101 0 4
14741 0 - 6565 1 - 15013 2 - 10661 3 - 

14758  0000000011 011100110100110 0 4
14757 0 - 6566 1 - 15014 2 - 10662 3 - 

14761  0000000011 011100110101001 0 4
14757 0 - 6569 1 - 15017 2 - 10665 3 - 

14762  0000000011 011100110101010 0 4
14761 0 - 6570 1 - 15018 2 - 10666 3 - 

14848  1000001111 011101000000000 0 3
14976 0 + 6656 1 - 10752 3 - 

14912  0000001111 011101001000000 0 4
14400 0 - 6720 1 - 14848 2 - 10816 3 - 

14913  0000001111 011101001000001 0 4
14401 0 - 6721 1 - 14912 2 - 10817 3 - 

14917  0000000011 011101001000101 0 4
14405 0 - 6725 1 - 14913 2 - 10821 3 - 

14933  0000000011 011101001010101 0 4
14421 0 - 6741 1 - 14917 2 - 10837 3 - 

14934  0000000011 011101001010110 0 4
14933 0 - 6742 1 - 14950 2 - 10838 3 - 

14937  0000000011 011101001011001 0 4
14933 0 - 6745 1 - 14953 2 - 10841 3 - 

14938  0000000011 011101001011010 0 4
14937 0 - 6746 1 - 14954 2 - 10842 3 - 

14944  0000000011 011101001100000 0 4
14912 0 - 6752 1 - 15008 2 - 10848 3 - 

14945  0000000011 011101001100001 0 4
14913 0 - 6753 1 - 14944 2 - 10849 3 - 

14949  0000000011 011101001100101 0 4
14917 0 - 6757 1 - 14945 2 - 10853 3 - 

14950  0000000011 011101001100110 0 4
14949 0 - 6758 1 - 14954 2 - 10854 3 - 

14952  0000000011 011101001101000 0 4
14944 0 - 6760 1 - 15016 2 - 10856 3 - 

14953  0000000011 011101001101001 0 4
14945 0 - 6761 1 - 14952 2 - 10857 3 - 

14954  0000000011 011101001101010 0 4
14952 0 - 6762 1 - 15018 2 - 10858 3 - 

14976  0000001111 011101010000000 0 3
14848 0 - 6784 1 - 10880 3 - 

14977  0000001111 011101010000001 0 4
14913 0 - 6785 1 - 14976 2 - 10881 3 - 

14981  0000000011 011101010000101 0 4
14917 0 - 6789 1 - 14977 2 - 10885 3 - 

14997  0000000011 011101010010101 0 4
14933 0 - 6805 1 - 14981 2 - 10901 3 - 

14998  0000000011 011101010010110 0 4
14997 0 - 6806 1 - 15014 2 - 10902 3 - 

15001  0000000011 011101010011001 0 4
14997 0 - 6809 1 - 15017 2 - 10905 3 - 

15002  0000000011 011101010011010 0 4
15001 0 - 6810 1 - 15018 2 - 10906 3 - 

15008  0000000011 011101010100000 0 3
14976 0 - 6816 1 - 10912 3 - 

15009  0000000011 011101010100001 0 4
14977 0 - 6817 1 - 15008 2 - 10913 3 - 

15013  0000000011 011101010100101 0 4
14981 0 - 6821 1 - 15009 2 - 10917 3 - 

15014  0000000011 011101010100110 0 4
15013 0 - 6822 1 - 15018 2 - 10918 3 - 

15016  0000000011 011101010101000 0 3
15008 0 - 6824 1 - 10920 3 - 

15017  0000000011 011101010101001 0 4
15009 0 - 6825 1 - 15016 2 - 10921 3 - 

15018  0000000011 011101010101010 0 3
15016 0 - 6826 1 - 10922 3 - 

24576  1111111110 110000000000000 0 3
26624 0 + 24640 2 + 28672 3 + 

24640  0111111110 110000001000000 0 2
24641 2 + 28736 3 + 

24641  0111111110 110000001000001 0 2
24645 2 + 28737 3 + 

24645  0111110010 110000001000101 0 2
24661 2 + 28741 3 + 

24661  0111110010 110000001010101 1 2
24917 2 + 28757 3 + 

24917  0000000010 110000101010101 1 2
8533 1 - 24661 2 - 

25941  0000000010 110010101010101 0 2
9557 1 - 24917 2 - 

25942  0000000010 110010101010110 0 3
25941 0 - 9558 1 - 26966 2 - 

25945  0000000010 110010101011001 0 3
25941 0 - 9561 1 - 26969 2 - 

25946  0000000010 110010101011010 0 3
25945 0 - 9562 1 - 26970 2 - 

25957  0000000010 110010101100101 0 3
25941 0 - 9573 1 - 26981 2 - 

25958  0000000010 110010101100110 0 3
25957 0 - 9574 1 - 26982 2 - 

25961  0000000010 110010101101001 0 3
25957 0 - 9577 1 - 26985 2 - 

25962  0000000010 110010101101010 0 3
25961 0 - 9578 1 - 26986 2 - 

26005  0000000010 110010110010101 0 3
25941 0 - 9621 1 - 27029 2 - 

26006  0000000010 110010110010110 0 3
26005 0 - 9622 1 - 27030 2 - 

26009  0000000010 110010110011001 0 3
26005 0 - 9625 1 - 27033 2 - 

26010  0000000010 110010110011010 0 3
26009 0 - 9626 1 - 27034 2 - 

26021  0000000010 110010110100101 0 3
26005 0 - 9637 1 - 27045 2 - 

26022  0000000010 110010110100110 0 3
26021 0 - 9638 1 - 27046 2 - 

26025  0000000010 110010110101001 0 3
26021 0 - 9641 1 - 27049 2 - 

26026  0000000010 110010110101010 0 3
26025 0 - 9642 1 - 27050 2 - 

26197  0000000010 110011001010101 0 3
25941 0 - 9813 1 - 27221 2 - 

26198  0000000010 110011001010110 0 3
26197 0 - 9814 1 - 27222 2 - 

26201  0000000010 110011001011001 0 3
26197 0 - 9817 1 - 27225 2 - 

26202  0000000010 110011001011010 0 3
26201 0 - 9818 1 - 27226 2 - 

26213  0000000010 110011001100101 0 3
26197 0 - 9829 1 - 27237 2 - 

26214  0000000010 110011001100110 0 3
26213 0 - 9830 1 - 27238 2 - 

26217  0000000010 110011001101001 0 3
26213 0 - 9833 1 - 27241 2 - 

26218  0000000010 110011001101010 0 3
26217 0 - 9834 1 - 27242 2 - 

26261  0000000010 110011010010101 0 3
26197 0 - 9877 1 - 27285 2 - 

26262  0000000010 110011010010110 0 3
26261 0 - 9878 1 - 27286 2 - 

26265  0000000010 110011010011001 0 3
26261 0 - 9881 1 - 27289 2 - 

26266  0000000010 110011010011010 0 3
26265 0 - 9882 1 - 27290 2 - 

26277  0000000010 110011010100101 0 3
26261 0 - 9893 1 - 27301 2 - 

26278  0000000010 110011010100110 0 3
26277 0 - 9894 1 - 27302 2 - 

26281  0000000010 110011010101001 0 3
26277 0 - 9897 1 - 27305 2 - 

26282  0000000010 110011010101010 0 3
26281 0 - 9898 1 - 27306 2 - 

26624  1000001110 110100000000000 0 2
27136 0 + 10240 1 - 

26688  0000001110 110100001000000 0 3
24640 0 - 10304 1 - 26624 2 - 

26689  0000001110 110100001000001 0 3
24641 0 - 10305 1 - 26688 2 - 

26693  0000000010 110100001000101 0 3
24645 0 - 10309 1 - 26689 2 - 

26709  0000000010 110100001010101 0 3
24661 0 - 10325 1 - 26693 2 - 

26965  0000000010 110100101010101 0 3
24917 0 - 10581 1 - 26709 2 - 

26966  0000000010 110100101010110 0 3
26965 0 - 10582 1 - 27222 2 - 

26969  0000000010 110100101011001 0 3
26965 0 - 10585 1 - 27225 2 - 

26970  0000000010 110100101011010 0 3
26969 0 - 10586 1 - 27226 2 - 

26981  0000000010 110100101100101 0 3
26965 0 - 10597 1 - 27237 2 - 

26982  0000000010 110100101100110 0 3
26981 0 - 10598 1 - 27238 2 - 

26985  0000000010 110100101101001 0 3
26981 0 - 10601 1 - 27241 2 - 

26986  0000000010 110100101101010 0 3
26985 0 - 10602 1 - 27242 2 - 

27029  0000000010 110100110010101 0 3
26965 0 - 10645 1 - 27285 2 - 

27030  0000000010 110100110010110 0 3
27029 0 - 10646 1 - 27286 2 - 

27033  0000000010 110100110011001 0 3
27029 0 - 10649 1 - 27289 2 - 

27034  0000000010 110100110011010 0 3
27033 0 - 10650 1 - 27290 2 - 

27045  0000000010 110100110100101 0 3
27029 0 - 10661 1 - 27301 2 - 

27046  0000000010 110100110100110 0 3
27045 0 - 10662 1 - 27302 2 - 

27049  0000000010 110100110101001 0 3
27045 0 - 10665 1 - 27305 2 - 

27050  0000000010 110100110101010 0 3
27049 0 - 10666 1 - 27306 2 - 

27136  1000001110 110101000000000 0 2
27264 0 + 10752 1 - 

27200  0000001110 110101001000000 0 3
26688 0 - 10816 1 - 27136 2 - 

27201  0000001110 110101001000001 0 3
26689 0 - 10817 1 - 27200 2 - 

27205  0000000010 110101001000101 0 3
26693 0 - 10821 1 - 27201 2 - 

27221  0000000010 110101001010101 0 3
26709 0 - 10837 1 - 27205 2 - 

27222  0000000010 110101001010110 0 3
27221 0 - 10838 1 - 27238 2 - 

27225  0000000010 110101001011001 0 3
27221 0 - 10841 1 - 27241 2 - 

27226  0000000010 110101001011010 0 3
27225 0 - 10842 1 - 27242 2 - 

27232  0000000010 110101001100000 0 3
27200 0 - 10848 1 - 27296 2 - 

27233  0000000010 110101001100001 0 3
27201 0 - 10849 1 - 27232 2 - 

27237  0000000010 110101001100101 0 3
27205 0 - 10853 1 - 27233 2 - 

27238  0000000010 110101001100110 0 3
27237 0 - 10854 1 - 27242 2 - 

27240  0000000010 110101001101000 0 3
27232 0 - 10856 1 - 27304 2 - 

27241  0000000010 110101001101001 0 3
27233 0 - 10857 1 - 27240 2 - 

27242  0000000010 110101001101010 0 3
27240 0 - 10858 1 - 27306 2 - 

27264  0000001110 110101010000000 0 2
27136 0 - 10880 1 - 

27265  0000001110 110101010000001 0 3
27201 0 - 10881 1 - 27264 2 - 

27269  0000000010 110101010000101 0 3
27205 0 - 10885 1 - 27265 2 - 

27285  0000000010 110101010010101 0 3
27221 0 - 10901 1 - 27269 2 - 

27286  0000000010 110101010010110 0 3
27285 0 - 10902 1 - 27302 2 - 

27289  0000000010 110101010011001 0 3
27285 0 - 10905 1 - 27305 2 - 

27290  0000000010 110101010011010 0 3
27289 0 - 10906 1 - 27306 2 - 

27296  0000000010 110101010100000 0 2
27264 0 - 10912 1 - 

27297  0000000010 110101010100001 0 3
27265 0 - 10913 1 - 27296 2 - 

27301  0000000010 110101010100101 0 3
27269 0 - 10917 1 - 27297 2 - 

27302  0000000010 110101010100110 0 3
27301 0 - 10918 1 - 27306 2 - 

27304  0000000010 110101010101000 0 2
27296 0 - 10920 1 - 

27305  0000000010 110101010101001 0 3
27297 0 - 10921 1 - 27304 2 - 

27306  0000000010 110101010101010 0 2
27304 0 - 10922 1 - 

28672  1111111111 111000000000000 0 2
30720 0 + 28736 2 + 

28736  0111111111 111000001000000 0 1
28737 2 + 

28737  0111111111 111000001000001 0 1
28741 2 + 

28741  0111110011 111000001000101 0 1
28757 2 + 

28757  0111110011 111000001010101 1 1
29013 2 + 

29013  0000000011 111000101010101 1 3
12629 1 - 28757 2 - 24917 3 - 

30037  0000000011 111010101010101 0 3
13653 1 - 29013 2 - 25941 3 - 

30038  0000000011 111010101010110 0 4
30037 0 - 13654 1 - 31062 2 - 25942 3 - 

30041  0000000011 111010101011001 0 4
30037 0 - 13657 1 - 31065 2 - 25945 3 - 

30042  0000000011 111010101011010 0 4
30041 0 - 13658 1 - 31066 2 - 25946 3 - 

30053  0000000011 111010101100101 0 4
30037 0 - 13669 1 - 31077 2 - 25957 3 - 

30054  0000000011 111010101100110 0 4
30053 0 - 13670 1 - 31078 2 - 25958 3 - 

30057  0000000011 111010101101001 0 4
30053 0 - 13673 1 - 31081 2 - 25961 3 - 

30058  0000000011 111010101101010 0 4
30057 0 - 13674 1 - 31082 2 - 25962 3 - 

30101  0000000011 111010110010101 0 4
30037 0 - 13717 1 - 31125 2 - 26005 3 - 

30102  0000000011 111010110010110 0 4
30101 0 - 13718 1 - 31126 2 - 26006 3 - 

30105  0000000011 111010110011001 0 4
30101 0 - 13721 1 - 31129 2 - 26009 3 - 

30106  0000000011 111010110011010 0 4
30105 0 - 13722 1 - 31130 2 - 26010 3 - 

30117  0000000011 111010110100101 0 4
30101 0 - 13733 1 - 31141 2 - 26021 3 - 

30118  0000000011 111010110100110 0 4
30117 0 - 13734 1 - 31142 2 - 26022 3 - 

30121  0000000011 111010110101001 0 4
30117 0 - 13737 1 - 31145 2 - 26025 3 - 

30122  0000000011 111010110101010 0 4
30121 0 - 13738 1 - 31146 2 - 26026 3 - 

30293  0000000011 111011001010101 0 4
30037 0 - 13909 1 - 31317 2 - 26197 3 - 

30294  0000000011 111011001010110 0 4
30293 0 - 13910 1 - 31318 2 - 26198 3 - 

30297  0000000011 111011001011001 0 4
30293 0 - 13913 1 - 31321 2 - 26201 3 - 

30298  0000000011 111011001011010 0 4
30297 0 - 13914 1 - 31322 2 - 26202 3 - 

30309  0000000011 111011001100101 0 4
30293 0 - 13925 1 - 31333 2 - 26213 3 - 

30310  0000000011 111011001100110 0 4
30309 0 - 13926 1 - 31334 2 - 26214 3 - 

30313  0000000011 111011001101001 0 4
30309 0 - 13929 1 - 31337 2 - 26217 3 - 

30314  0000000011 111011001101010 0 4
30313 0 - 13930 1 - 31338 2 - 26218 3 - 

30357  0000000011 111011010010101 0 4
30293 0 - 13973 1 - 31381 2 - 26261 3 - 

30358  0000000011 111011010010110 0 4
30357 0 - 13974 1 - 31382 2 - 26262 3 - 

30361  0000000011 111011010011001 0 4
30357 0 - 13977 1 - 31385 2 - 26265 3 - 

30362  0000000011 111011010011010 0 4
30361 0 - 13978 1 - 31386 2 - 26266 3 - 

30373  0000000011 111011010100101 0 4
30357 0 - 13989 1 - 31397 2 - 26277 3 - 

30374  0000000011 111011010100110 0 4
30373 0 - 13990 1 - 31398 2 - 26278 3 - 

30377  0000000011 111011010101001 0 4
30373 0 - 13993 1 - 31401 2 - 26281 3 - 

30378  0000000011 111011010101010 0 4
30377 0 - 13994 1 - 31402 2 - 26282 3 - 

30720  1000001111 111100000000000 0 3
31232 0 + 14336 1 - 26624 3 - 

30784  0000001111 111100001000000 0 4
28736 0 - 14400 1 - 30720 2 - 26688 3 - 

30785  0000001111 111100001000001 0 4
28737 0 - 14401 1 - 30784 2 - 26689 3 - 

30789  0000000011 111100001000101 0 4
28741 0 - 14405 1 - 30785 2 - 26693 3 - 

30805  0000000011 111100001010101 0 4
28757 0 - 14421 1 - 30789 2 - 26709 3 - 

31061  0000000011 111100101010101 0 4
29013 0 - 14677 1 - 30805 2 - 26965 3 - 

31062  0000000011 111100101010110 0 4
31061 0 - 14678 1 - 31318 2 - 26966 3 - 

31065  0000000011 111100101011001 0 4
31061 0 - 14681 1 - 31321 2 - 26969 3 - 

31066  0000000011 111100101011010 0 4
31065 0 - 14682 1 - 31322 2 - 26970 3 - 

31077  0000000011 111100101100101 0 4
31061 0 - 14693 1 - 31333 2 - 26981 3 - 

31078  0000000011 111100101100110 0 4
31077 0 - 14694 1 - 31334 2 - 26982 3 - 

31081  0000000011 111100101101001 0 4
31077 0 - 14697 1 - 31337 2 - 26985 3 - 

31082  0000000011 111100101101010 0 4
31081 0 - 14698 1 - 31338 2 - 26986 3 - 

31125  0000000011 111100110010101 0 4
31061 0 - 14741 1 - 31381 2 - 27029 3 - 

31126  0000000011 111100110010110 0 4
31125 0 - 14742 1 - 31382 2 - 27030 3 - 

31129  0000000011 111100110011001 0 4
31125 0 - 14745 1 - 31385 2 - 27033 3 - 

31130  0000000011 111100110011010 0 4
31129 0 - 14746 1 - 31386 2 - 27034 3 - 

31141  0000000011 111100110100101 0 4
31125 0 - 14757 1 - 31397 2 - 27045 3 - 

31142  0000000011 111100110100110 0 4
31141 0 - 14758 1 - 31398 2 - 27046 3 - 

31145  0000000011 111100110101001 0 4
31141 0 - 14761 1 - 31401 2 - 27049 3 - 

31146  0000000011 111100110101010 0 4
31145 0 - 14762 1 - 31402 2 - 27050 3 - 

31232  1000001111 111101000000000 0 3
31360 0 + 14848 1 - 27136 3 - 

31296  0000001111 111101001000000 0 4
30784 0 - 14912 1 - 31232 2 - 27200 3 - 

31297  0000001111 111101001000001 0 4
30785 0 - 14913 1 - 31296 2 - 27201 3 - 

31301  0000000011 111101001000101 0 4
30789 0 - 14917 1 - 31297 2 - 27205 3 - 

31317  0000000011 111101001010101 0 4
30805 0 - 14933 1 - 31301 2 - 27221 3 - 

31318  0000000011 111101001010110 0 4
31317 0 - 14934 1 - 31334 2 - 27222 3 - 

31321  0000000011 111101001011001 0 4
31317 0 - 14937 1 - 31337 2 - 27225 3 - 

31322  0000000011 111101001011010 0 4
31321 0 - 14938 1 - 31338 2 - 27226 3 - 

31328  0000000011 111101001100000 0 4
31296 0 - 14944 1 - 31392 2 - 27232 3 - 

31329  0000000011 111101001100001 0 4
31297 0 - 14945 1 - 31328 2 - 27233 3 - 

31333  0000000011 111101001100101 0 4
31301 0 - 14949 1 - 31329 2 - 27237 3 - 

31334  0000000011 111101001100110 0 4
31333 0 - 14950 1 - 31338 2 - 27238 3 - 

31336  0000000011 111101001101000 0 4
31328 0 - 14952 1 - 31400 2 - 27240 3 - 

31337  0000000011 111101001101001 0 4
31329 0 - 14953 1 - 31336 2 - 27241 3 - 

31338  0000000011 111101001101010 0 4
31336 0 - 14954 1 - 31402 2 - 27242 3 - 

31360  0000001111 111101010000000 0 3
31232 0 - 14976 1 - 27264 3 - 

31361  0000001111 111101010000001 0 4
31297 0 - 14977 1 - 31360 2 - 27265 3 - 

31365  0000000011 111101010000101 0 4
31301 0 - 14981 1 - 31361 2 - 27269 3 - 

31381  0000000011 111101010010101 0 4
31317 0 - 14997 1 - 31365 2 - 27285 3 - 

31382  0000000011 111101010010110 0 4
31381 0 - 14998 1 - 31398 2 - 27286 3 - 

31385  0000000011 111101010011001 0 4
31381 0 - 15001 1 - 31401 2 - 27289 3 - 

31386  0000000011 111101010011010 0 4
31385 0 - 15002 1 - 31402 2 - 27290 3 - 

31392  0000000011 111101010100000 0 3
31360 0 - 15008 1 - 27296 3 - 

31393  0000000011 111101010100001 0 4
31361 0 - 15009 1 - 31392 2 - 27297 3 - 

31397  0000000011 111101010100101 0 4
31365 0 - 15013 1 - 31393 2 - 27301 3 - 

31398  0000000011 111101010100110 0 4
31397 0 - 15014 1 - 31402 2 - 27302 3 - 

31400  0000000011 111101010101000 0 3
31392 0 - 15016 1 - 27304 3 - 

31401  0000000011 111101010101001 0 4
31393 0 - 15017 1 - 31400 2 - 27305 3 - 

31402  0000000011 111101010101010 0 3
31400 0 - 15018 1 - 27306 3 - 

